118.0				
0.0	0.0			
0.0	0.0			
0.0	0.0			
1.00E-05	24.86787	11.05979	0	0
1.06E-05	24.148	10.72957	0	0
1.13E-05	23.48961	10.42727	0	0
1.19E-05	22.8845	10.14916	0	0
1.25E-05	22.32587	9.892176	0	0
1.38E-05	21.32655	9.43182	0	0
1.50E-05	20.45656	9.03028	0	0
1.63E-05	19.69044	8.676012	0	0
1.75E-05	19.00923	8.360414	0	0
1.88E-05	18.39848	8.076927	0	0
2.00E-05	17.84697	7.820451	0	0
2.19E-05	17.11182	7.477782	0	0
2.38E-05	16.46735	7.176538	0	0
2.56E-05	15.89658	6.908995	0	0
2.75E-05	15.38666	6.669303	0	0
2.94E-05	14.92766	6.452943	0	0
3.13E-05	14.51177	6.256361	0	0
3.31E-05	14.13277	6.076714	0	0
3.50E-05	13.78561	5.911705	0	0
3.88E-05	13.171	5.618377	0	0
4.25E-05	12.64257	5.364785	0	0
4.63E-05	12.18231	5.142696	0	0
5.00E-05	11.77707	4.946087	0	0
5.31E-05	11.4742	4.798409	0	0
5.63E-05	11.19818	4.663215	0	0
5.94E-05	10.94538	4.53884	0	0
6.25E-05	10.71283	4.423914	0	0
6.88E-05	10.29898	4.218036	0	0
7.50E-05	9.941175	4.038462	0	0
8.13E-05	9.628252	3.880029	0	0
8.75E-05	9.351901	3.738889	0	0
9.38E-05	9.1058	3.61211	0	0
1.00E-04	8.885046	3.49741	0	0
1.06E-04	8.685769	3.392986	0	0
1.13E-04	8.504868	3.297389	0	0
1.19E-04	8.33983	3.209442	0	0
1.25E-04	8.188589	3.128177	0	0
1.38E-04	7.920932	2.982599	0	0
1.50E-04	7.691227	2.855621	0	0
1.63E-04	7.491773	2.743591	0	0
1.75E-04	7.316858	2.64379	0	0
1.88E-04	7.16215	2.554143	0	0
2.00E-04	7.024297	2.473038	0	0
2.19E-04	6.843494	2.364676	0	0
2.38E-04	6.687998	2.269414	0	0
2.56E-04	6.552825	2.184809	0	0
2.75E-04	6.434232	2.109011	0	0
2.94E-04	6.329346	2.040592	0	0
3.13E-04	6.235931	1.978426	0	0
3.31E-04	6.15221	1.921617	0	0
3.50E-04	6.076761	1.869436	0	0
3.88E-04	5.946247	1.776677	0	0
4.25E-04	5.837353	1.696483	0	0
4.63E-04	5.745168	1.626252	0	0
5.00E-04	5.666161	1.564078	0	0
5.31E-04	5.608488	1.517378	0	0
5.63E-04	5.556988	1.474626	0	0
5.94E-04	5.510731	1.435295	0	0
6.25E-04	5.468966	1.398952	0	0
6.88E-04	5.396551	1.333847	0	0
7.50E-04	5.335971	1.277061	0	0
8.13E-04	5.284569	1.22696	0	0
8.75E-04	5.240422	1.182328	0	0
9.38E-04	5.202107	1.142237	0	0
0.001	5.168547	1.105966	0	0
0.0010625	5.138913	1.072945	0	0
0.001125	5.112558	1.042715	0	0
0.0011875	5.088967	1.014904	0	0
0.00125	5.06773	0.9892063	0	0
0.001375	5.031038	0.9431712	0	0
0.0015	5.000454	0.9030177	0	0
0.001625	4.974572	0.8675913	0	0
0.00175	4.952386	0.8360319	0	0
0.001875	4.933157	0.8076837	0	0
0.002	4.916331	0.7820365	0	0
0.0021875	4.894698	0.7477703	0	0
0.002375	4.876481	0.7176469	0	0
0.0025625	4.860929	0.6908936	0	0
0.00275	4.847498	0.6669254	0	0
0.0029375	4.835781	0.6452904	0	0
0.003125	4.825471	0.6256327	0	0
0.0033125	4.816327	0.6076684	0	0
0.0035	4.808163	0.5911673	0	0
0.003875	4.794205	0.5618333	0	0
0.00425	4.78271	0.5364716	0	0
0.004625	4.773079	0.5142602	0	0
0.005	4.764892	0.4945969	0	0
0.0053125	4.758952	0.4798276	0	0
0.005625	4.753673	0.4663071	0	0
0.0059375	4.748948	0.4538687	0	0
0.00625	4.744697	0.4423752	0	0
0.006875	4.737352	0.4217847	0	0
0.0075	4.731231	0.4038228	0	0
0.008125	4.726052	0.3879735	0	0
0.00875	4.721612	0.3738537	0	0
0.009375	4.717763	0.3611714	0	0
0.01	4.714396	0.3496997	0	0
0.010625	4.711424	0.3392583	0	0
0.01125	4.708782	0.329702	0	0
0.011875	4.706418	0.3209119	0	0
0.0125	4.70429	0.3127901	0	0
0.01375	4.700614	0.298238	0	0
0.015	4.69755	0.2855388	0	0
0.01625	4.694956	0.2743287	0	0
0.0175	4.692732	0.2643394	0	0
0.01875	4.690804	0.2553661	0	0
0.02	4.689116	0.2472487	0	0
0.021325	4.687543	0.239438	0	0
0.02265	4.686153	0.232326	0	0
0.023975	4.684916	0.225816	0	0
0.0253	4.683808	0.2198286	0	0
0.02684375	4.682654	0.2134242	0	0
0.0283875	4.681625	0.2075512	0	0
0.031475	4.679868	0.1971208	0	0
0.0345625	4.678423	0.1881039	0	0
0.03765	4.677212	0.1802118	0	0
0.0407375	4.676183	0.1732342	0	0
0.043825	4.675298	0.1670089	0	0
0.0469125	4.674527	0.1614099	0	0
0.05	4.67385	0.1563391	0	0
0.053125	4.673244	0.1516656	0	0
0.05625	4.672703	0.147391	0	0
0.059375	4.672217	0.1434641	0	0
0.0625	4.671779	0.1398395	0	0
0.06875	4.671019	0.1333394	0	0
0.075	4.670382	0.1276533	0	0
0.08125	4.669838	0.1226327	0	0
0.0875	4.669369	0.1181609	0	0
0.09375	4.668958	0.1141448	0	0
0.1	4.668596	0.1105119	0	0
0.10625	4.668274	0.107205	0	0
0.1125	4.667984	0.1041791	0	0
0.11875	4.667722	0.1014008	0	0
0.125	4.667484	0.09884096	0	0
0.1375	4.667065	0.09424566	0	0
0.15	4.666708	0.09022011	0	0
0.1625	4.666397	0.08666794	0	0
0.175	4.666124	0.0835042	0	0
0.1875	4.66588	0.08066422	0	0
0.2	4.66566	0.07810314	0	0
0.21875	4.665367	0.07467705	0	0
0.2375	4.665107	0.07165523	0	0
0.25625	4.664874	0.06897164	0	0
0.275	4.664663	0.06656772	0	0
0.29375	4.664469	0.06439797	0	0
0.3125	4.664289	0.06242666	0	0
0.33125	4.66412	0.06062624	0	0
0.35	4.663961	0.05898364	0	0
0.3875	4.663667	0.05605192	0	0
0.425	4.663398	0.0535042	0	0
0.5	4.662912	0.04930795	0	0
0.625	4.662197	0.0440667	0	0
0.75	4.661549	0.04018915	0	0
0.875	4.660941	0.03718269	0	0
1	4.660357	0.03475817	0	0
1.25	4.659235	0.03103418	0	0
1.5	4.658149	0.02828347	0	0
1.75	4.657085	0.02614774	0	0
2	4.656035	0.02442318	0	0
2.375	4.654478	0.02236258	0	0
2.75	4.652937	0.02073923	0	0
3.125	4.651409	0.01941306	0	0
3.5	4.649891	0.01830547	0	0
4.25	4.646877	0.01654663	0	0
5	4.643893	0.01520061	0	0
6.25	4.638971	0.01352278	0	0
7.5	4.634109	0.01228809	0	0
8.75	4.629304	0.01133636	0	0
10	4.624553	0.01057815	0	0
11.25	4.619852	0.009959927	0	0
12.5	4.615201	0.009449344	0	0
15	4.606043	0.008669865	0	0
17.5	4.59707	0.008135823	0	0
20	4.58827	0.007800351	0	0
21.60593	4.582705	0.007683372	0	0
23.21185	4.577205	0.007648604	0	0
25.21926	4.570426	0.007744811	0	0
27.22667	4.563742	0.008023535	0	0
28.23038	4.560429	0.008239221	0	0
29.23408	4.557147	0.008548704	0	0
31.24148	4.550639	0.009443471	0	0
32.14482	4.547742	0.01003807	0	0
33.04815	4.544862	0.0107995	0	0
33.95148	4.542	0.01177471	0	0
34.85481	4.539155	0.01303468	0	0
35.30648	4.537738	0.01378274	0	0
35.75815	4.536327	0.01468456	0	0
36.20982	4.534919	0.01569542	0	0
36.66148	4.533516	0.01688429	0	0
37.11315	4.532116	0.01823188	0	0
37.56481	4.530723	0.01986129	0	0
38.01648	4.529334	0.02179804	0	0
38.46814	4.52795	0.02412213	0	0
38.89472	4.526647	0.02676871	0	0
39.32129	4.52535	0.02997763	0	0
39.74787	4.524058	0.03391657	0	0
40.17444	4.522773	0.03882004	0	0
40.60102	4.521494	0.04502398	0	0
40.81431	4.520858	0.04870994	0	0
41.02759	4.520224	0.05288806	0	0
41.24088	4.519593	0.05774855	0	0
41.45416	4.518965	0.06337319	0	0
41.66745	4.518341	0.06991853	0	0
41.88073	4.517721	0.0775948	0	0
42.10657	4.517071	0.08726339	0	0
42.3324	4.516427	0.098946	0	0
42.55824	4.515793	0.1132429	0	0
42.78407	4.51517	0.1309926	0	0
43.00991	4.514563	0.1533949	0	0
43.12283	4.514267	0.166827	0	0
43.23574	4.513977	0.1820641	0	0
43.34866	4.513694	0.1995011	0	0
43.46157	4.51342	0.2196907	0	0
43.57449	4.513157	0.2432513	0	0
43.6874	4.512907	0.2709098	0	0
43.80659	4.512662	0.3056418	0	0
43.92578	4.51244	0.3476087	0	0
44.04497	4.512248	0.3989793	0	0
44.16416	4.512096	0.462797	0	0
44.28335	4.511999	0.5433933	0	0
44.34295	4.511976	0.5918605	0	0
44.40254	4.511976	0.6471315	0	0
44.46214	4.512002	0.7106112	0	0
44.52173	4.51206	0.7840685	0	0
44.58133	4.512159	0.8698406	0	0
44.64092	4.512306	0.9708958	0	0
44.70679	4.512543	1.105186	0	0
44.77266	4.512879	1.270308	0	0
44.83853	4.513349	1.476725	0	0
44.87146	4.513649	1.59998	0	0
44.90439	4.514003	1.739944	0	0
44.93733	4.514423	1.899989	0	0
44.97026	4.514921	2.084278	0	0
45.0032	4.515516	2.298503	0	0
45.03613	4.516233	2.550006	0	0
45.06907	4.517105	2.84922	0	0
45.102	4.518179	3.210497	0	0
45.13493	4.519524	3.655055	0	0
45.16786	4.521243	4.214343	0	0
45.18512	4.522342	4.568421	0	0
45.20237	4.523615	4.975656	0	0
45.21962	4.5251	5.447695	0	0
45.23687	4.526842	5.998694	0	0
45.25412	4.528899	6.646043	0	0
45.27137	4.531339	7.410916	0	0
45.28862	4.534247	8.318823	0	0
45.30587	4.537721	9.40009	0	0
45.32313	4.54188	10.69104	0	0
45.34038	4.546854	12.231	0	0
45.35763	4.552794	14.06659	0	0
45.37488	4.559866	16.24822	0	0
45.39213	4.568246	18.82961	0	0
45.40938	4.578114	21.8659	0	0
45.42663	4.589648	25.41111	0	0
45.44388	4.603011	29.51482	0	0
45.46114	4.618346	34.22105	0	0
45.47839	4.635729	39.55245	0	0
45.49564	4.655202	45.52172	0	0
45.51289	4.676724	52.11623	0	0
45.54739	4.725299	66.99062	0	0
45.58189	4.779168	83.47579	0	0
45.6258	4.848966	104.8222	0	0
45.64776	4.881224	114.6825	0	0
45.66971	4.909663	123.3725	0	0
45.68979	4.931098	129.9194	0	0
45.70986	4.947137	134.8151	0	0
45.72993	4.957032	137.8325	0	0
45.75	4.960308	138.8261	0	0
45.772	4.956114	137.5371	0	0
45.79399	4.944041	133.8413	0	0
45.81599	4.92478	127.9512	0	0
45.83798	4.899433	120.2046	0	0
45.88304	4.834366	100.33	0	0
45.9281	4.762418	78.36907	0	0
45.95883	4.71534	64.00809	0	0
45.98955	4.672902	51.07024	0	0
46.00492	4.653891	45.27772	0	0
46.02028	4.636505	39.98239	0	0
46.03564	4.62076	35.18883	0	0
46.051	4.606636	30.89132	0	0
46.06841	4.592517	26.59783	0	0
46.08582	4.580282	22.88059	0	0
46.10323	4.569775	19.69121	0	0
46.12064	4.56082	16.97579	0	0
46.13805	4.553233	14.67846	0	0
46.15546	4.546835	12.74426	0	0
46.17287	4.541456	11.12117	0	0
46.19028	4.536941	9.761477	0	0
46.20769	4.533148	8.622543	0	0
46.2251	4.529957	7.667114	0	0
46.24251	4.527263	6.863242	0	0
46.25992	4.524978	6.183966	0	0
46.27733	4.523028	5.606847	0	0
46.29474	4.521352	5.113419	0	0
46.31215	4.519902	4.688622	0	0
46.32955	4.518637	4.320458	0	0
46.36233	4.51665	3.74699	0	0
46.3951	4.515051	3.291688	0	0
46.42787	4.513734	2.922041	0	0
46.46064	4.512627	2.616288	0	0
46.49342	4.511681	2.35937	0	0
46.52619	4.510861	2.140839	0	0
46.55896	4.510143	1.952895	0	0
46.59173	4.509506	1.789777	0	0
46.62451	4.508936	1.647046	0	0
46.65728	4.508423	1.521363	0	0
46.72282	4.507531	1.310736	0	0
46.78836	4.506778	1.141973	0	0
46.8539	4.506128	1.004474	0	0
46.91126	4.505625	0.9039434	0	0
46.96861	4.50517	0.8180967	0	0
47.02596	4.504755	0.7441663	0	0
47.08331	4.504373	0.6800246	0	0
47.14066	4.504018	0.6240067	0	0
47.19801	4.503685	0.5747952	0	0
47.31271	4.503074	0.4927596	0	0
47.42742	4.50252	0.427511	0	0
47.54212	4.502006	0.3746062	0	0
47.65682	4.501525	0.331014	0	0
47.77152	4.501067	0.2946908	0	0
47.87803	4.50066	0.2661534	0	0
47.98454	4.500266	0.2416555	0	0
48.09105	4.499884	0.2204665	0	0
48.19756	4.499511	0.2020132	0	0
48.30407	4.499146	0.1858417	0	0
48.41058	4.498788	0.1715889	0	0
48.62359	4.498087	0.1477228	0	0
48.83661	4.497403	0.1286901	0	0
49.04962	4.496733	0.1133297	0	0
49.26264	4.496071	0.1005883	0	0
49.47565	4.495418	0.08991766	0	0
49.73783	4.494623	0.07905551	0	0
50	4.493835	0.07011886	0	0
50.24415	4.493107	0.06317373	0	0
50.48829	4.492384	0.05736303	0	0
50.73243	4.491665	0.0523218	0	0
50.97657	4.490948	0.04794489	0	0
51.22071	4.490234	0.04412495	0	0
51.46485	4.489523	0.04079115	0	0
51.95313	4.488108	0.03524715	0	0
52.44141	4.4867	0.03086457	0	0
52.92969	4.485298	0.02733542	0	0
53.41797	4.483902	0.02444755	0	0
53.90625	4.48251	0.02207004	0	0
54.44336	4.480986	0.01992421	0	0
54.98047	4.479466	0.01808596	0	0
55.51758	4.47795	0.01651909	0	0
56.05469	4.47644	0.01521426	0	0
57.12891	4.473433	0.01309539	0	0
58.20313	4.470442	0.011498	0	0
59.27735	4.467466	0.01023908	0	0
60.35157	4.464505	0.009241577	0	0
61.42579	4.461562	0.008453084	0	0
62.5	4.458628	0.007764542	0	0
63.67188	4.455446	0.007166999	0	0
64.84375	4.452279	0.006660795	0	0
66.01563	4.449125	0.006225187	0	0
67.1875	4.445986	0.005852659	0	0
69.53125	4.439754	0.005262568	0	0
71.875	4.433572	0.004798799	0	0
75	4.425409	0.004327975	0	0
78.125	4.417328	0.00396626	0	0
81.25	4.409322	0.003679999	0	0
84.375	4.401386	0.003447561	0	0
87.5	4.393512	0.003255172	0	0
93.75	4.377927	0.002954133	0	0
100	4.362517	0.002729396	0	0
106.25	4.347238	0.002556182	0	0
112.5	4.332044	0.002419977	0	0
125	4.301727	0.002224763	0	0
137.5	4.271199	0.002102022	0	0
150	4.240078	0.002032511	0	0
162.5	4.207946	0.002006884	0	0
175	4.174319	0.002021557	0	0
187.5	4.138628	0.002077108	0	0
200	4.100169	0.00217799	0	0
209.0357	4.069928	0.002287233	0	0
218.0714	4.03733	0.002430538	0	0
222.5893	4.020522	0.002509574	0	0
227.1071	4.001929	0.002614896	0	0
236.1428	3.963605	0.002843124	0	0
245.1785	3.92048	0.003147998	0	0
249.6964	3.896906	0.003335214	0	0
254.2142	3.871547	0.003556581	0	0
258.7321	3.844445	0.003815334	0	0
263.2499	3.815399	0.004121893	0	0
267.7678	3.784367	0.004484301	0	0
272.2856	3.750419	0.004957491	0	0
275.2396	3.72652	0.005369365	0	0
278.1936	3.701194	0.005932351	0	0
279.6706	3.687918	0.006331749	0	0
281.1476	3.674212	0.006887622	0	0
281.8861	3.667209	0.00724745	0	0
282.6246	3.660089	0.007713329	0	0
283.3631	3.652838	0.008352367	0	0
284.1015	3.64547	0.00924899	0	0
284.4491	3.64196	0.009812999	0	0
284.7966	3.638422	0.01052051	0	0
285.1441	3.634857	0.01142322	0	0
285.4916	3.631265	0.01260001	0	0
285.8392	3.627646	0.01418221	0	0
286.013	3.625828	0.01519363	0	0
286.1867	3.624004	0.01640775	0	0
286.3605	3.622174	0.01788706	0	0
286.5342	3.62034	0.01971488	0	0
286.708	3.618501	0.02201749	0	0
286.8817	3.616661	0.0249827	0	0
287.0121	3.615279	0.0278249	0	0
287.1424	3.6139	0.03142004	0	0
287.2076	3.613211	0.03360427	0	0
287.2727	3.612525	0.03612643	0	0
287.3379	3.611841	0.03909371	0	0
287.403	3.61116	0.04264743	0	0
287.4682	3.610485	0.04703552	0	0
287.5334	3.609817	0.05263515	0	0
287.566	3.609488	0.0560706	0	0
287.5986	3.609162	0.06006781	0	0
287.6312	3.608842	0.06476576	0	0
287.6637	3.608529	0.07032159	0	0
287.6963	3.608224	0.07699001	0	0
287.7289	3.607928	0.08503156	0	0
287.7615	3.607646	0.0947889	0	0
287.794	3.60738	0.1066433	0	0
287.8266	3.607133	0.12118	0	0
287.8592	3.606911	0.138986	0	0
287.8918	3.606719	0.1608014	0	0
287.9243	3.606564	0.1874096	0	0
287.9569	3.606454	0.2199905	0	0
287.9895	3.606397	0.2596423	0	0
288.0221	3.606403	0.3076949	0	0
288.0547	3.606484	0.3656338	0	0
288.0873	3.606652	0.4350911	0	0
288.1199	3.606921	0.5178258	0	0
288.1525	3.607304	0.6156944	0	0
288.185	3.607815	0.7302281	0	0
288.2176	3.60847	0.8640387	0	0
288.2502	3.609282	1.018645	0	0
288.2828	3.610264	1.195743	0	0
288.3153	3.611424	1.396132	0	0
288.3479	3.612776	1.622157	0	0
288.3805	3.614323	1.873907	0	0
288.4131	3.616064	2.151501	0	0
288.4456	3.61799	2.453436	0	0
288.5108	3.622382	3.129115	0	0
288.5759	3.627331	3.87877	0	0
288.7062	3.637809	5.456997	0	0
288.7769	3.642941	6.241549	0	0
288.8475	3.646978	6.882297	0	0
288.9234	3.649547	7.338033	0	0
288.9834	3.649998	7.490203	0	0
289	3.649859	7.497455	0	0
289.0514	3.648694	7.423206	0	0
289.1054	3.646316	7.192873	0	0
289.1414	3.644127	6.959546	0	0
289.2044	3.639306	6.42036	0	0
289.2674	3.633522	5.753703	0	0
289.5014	3.6099	2.991643	0	0
289.5599	3.604731	2.397677	0	0
289.6184	3.600151	1.881371	0	0
289.6477	3.598092	1.653782	0	0
289.6769	3.596196	1.44762	0	0
289.7062	3.594448	1.261052	0	0
289.7354	3.592853	1.09463	0	0
289.7647	3.591394	0.9462479	0	0
289.7939	3.590072	0.8157758	0	0
289.8232	3.588867	0.7010456	0	0
289.8524	3.587778	0.6014966	0	0
289.8817	3.586787	0.5150658	0	0
289.9109	3.58589	0.4409751	0	0
289.9402	3.585071	0.3773801	0	0
289.9694	3.584326	0.3234457	0	0
289.9987	3.583641	0.2776073	0	0
290.028	3.58301	0.2389584	0	0
290.0573	3.582426	0.2064918	0	0
290.0865	3.581883	0.179387	0	0
290.1158	3.581371	0.156657	0	0
290.145	3.58089	0.1377558	0	0
290.1743	3.58043	0.121942	0	0
290.2035	3.579991	0.1087988	0	0
290.2328	3.579567	0.09778671	0	0
290.262	3.579158	0.08860222	0	0
290.2913	3.578758	0.08086332	0	0
290.3205	3.578368	0.07435823	0	0
290.3498	3.577984	0.06882251	0	0
290.379	3.577607	0.06411405	0	0
290.4375	3.576865	0.05654702	0	0
290.496	3.576135	0.05078017	0	0
290.5545	3.575414	0.04624089	0	0
290.613	3.574698	0.04255821	0	0
290.6715	3.573985	0.03949162	0	0
290.7885	3.572567	0.03462835	0	0
290.9055	3.571152	0.03090718	0	0
290.9866	3.570172	0.02879421	0	0
291.0676	3.569194	0.02697496	0	0
291.2296	3.567235	0.02400626	0	0
291.3916	3.565274	0.02170009	0	0
291.5536	3.563307	0.019871	0	0
291.7156	3.561335	0.01839498	0	0
291.8776	3.559357	0.01718569	0	0
292.0396	3.557371	0.01618195	0	0
292.2016	3.555378	0.01534004	0	0
292.4357	3.552486	0.01434696	0	0
292.6697	3.549577	0.01355949	0	0
293.1377	3.543708	0.01242192	0	0
293.6058	3.537767	0.01166187	0	0
294.0738	3.531756	0.01113906	0	0
294.5419	3.525669	0.01078465	0	0
295.0099	3.519506	0.01055145	0	0
295.9459	3.506928	0.01034088	0	0
296.954	3.493012	0.0103655	0	0
297.9621	3.478706	0.01057396	0	0
298.9702	3.463979	0.01095988	0	0
299.9783	3.448814	0.01154816	0	0
300.9864	3.433228	0.01238538	0	0
301.4905	3.425237	0.01296699	0	0
301.9945	3.417122	0.01370009	0	0
302.4986	3.408879	0.01464491	0	0
303.0026	3.40051	0.0158947	0	0
303.5066	3.392013	0.01759747	0	0
303.7586	3.387714	0.01871084	0	0
304.0106	3.383381	0.02007862	0	0
304.2267	3.379637	0.02151627	0	0
304.4427	3.375871	0.02327362	0	0
304.6587	3.37208	0.02545792	0	0
304.8747	3.368266	0.02823245	0	0
305.0368	3.365389	0.03085195	0	0
305.1988	3.362501	0.03410544	0	0
305.3608	3.359603	0.03823356	0	0
305.5228	3.356696	0.04361351	0	0
305.6038	3.35524	0.04695961	0	0
305.6848	3.353784	0.05090467	0	0
305.7658	3.352328	0.05564745	0	0
305.8468	3.350874	0.06151008	0	0
305.9278	3.349427	0.06904515	0	0
305.9683	3.348706	0.07372199	0	0
306.0088	3.34799	0.07923602	0	0
306.0493	3.347279	0.08583576	0	0
306.0898	3.346576	0.09385365	0	0
306.1303	3.345882	0.1037318	0	0
306.1708	3.345203	0.1160534	0	0
306.2113	3.344541	0.1315804	0	0
306.2518	3.343903	0.1512966	0	0
306.2923	3.343297	0.1764565	0	0
306.3126	3.343008	0.1915962	0	0
306.3328	3.342732	0.2086369	0	0
306.3531	3.342468	0.2280042	0	0
306.3733	3.34222	0.249789	0	0
306.3936	3.341988	0.2745185	0	0
306.4138	3.341775	0.3022873	0	0
306.4341	3.341583	0.3337409	0	0
306.4543	3.341415	0.368968	0	0
306.4746	3.341272	0.4087492	0	0
306.4948	3.341159	0.4531521	0	0
306.5151	3.341077	0.5031084	0	0
306.5353	3.341031	0.5586431	0	0
306.5556	3.341023	0.6208529	0	0
306.5758	3.341056	0.6896913	0	0
306.5961	3.341135	0.7664303	0	0
306.6163	3.341263	0.8509153	0	0
306.6568	3.341681	1.047173	0	0
306.6973	3.34234	1.283375	0	0
306.7378	3.343268	1.564242	0	0
306.7783	3.344492	1.894001	0	0
306.8188	3.346032	2.276038	0	0
306.8593	3.347901	2.712514	0	0
306.8998	3.350104	3.203972	0	0
306.9403	3.352632	3.748962	0	0
306.9808	3.355462	4.343712	0	0
307.0618	3.361861	5.65447	0	0
307.1428	3.368803	7.053722	0	0
307.2283	3.375913	8.493296	0	0
307.3138	3.381795	9.728488	0	0
307.3611	3.384146	10.26233	0	0
307.4083	3.385662	10.65782	0	0
307.4578	3.38624	10.90557	0	0
307.5	3.385856	10.97218	0	0
307.551	3.384292	10.87139	0	0
307.6042	3.381413	10.56113	0	0
307.6486	3.378114	10.15476	0	0
307.7152	3.371867	9.332304	0	0
307.7817	3.364462	8.320382	0	0
307.9059	3.349191	6.197819	0	0
307.968	3.341615	5.148667	0	0
308.03	3.334488	4.17486	0	0
308.0921	3.327983	3.305374	0	0
308.1232	3.325002	2.915828	0	0
308.1542	3.322222	2.559542	0	0
308.1853	3.319629	2.234424	0	0
308.2163	3.317235	1.942129	0	0
308.2474	3.315019	1.679792	0	0
308.2784	3.312988	1.44769	0	0
308.3095	3.311118	1.242577	0	0
308.3405	3.309409	1.063792	0	0
308.3716	3.307837	0.9080461	0	0
308.4026	3.306399	0.7741462	0	0
308.4337	3.305072	0.6590201	0	0
308.4647	3.303852	0.5612621	0	0
308.4957	3.302722	0.4784272	0	0
308.5267	3.30167	0.4085967	0	0
308.5578	3.300683	0.3498277	0	0
308.5888	3.299757	0.300885	0	0
308.6199	3.298878	0.2600001	0	0
308.6509	3.298043	0.2261557	0	0
308.682	3.297239	0.1980082	0	0
308.713	3.296468	0.1747694	0	0
308.7441	3.295717	0.1554555	0	0
308.7751	3.294989	0.1394865	0	0
308.8062	3.294273	0.1261649	0	0
308.8372	3.293573	0.1150828	0	0
308.8683	3.292881	0.1057591	0	0
308.8993	3.2922	0.09791862	0	0
308.9304	3.291523	0.09123651	0	0
308.9614	3.290853	0.08553418	0	0
309.0235	3.289523	0.07630833	0	0
309.0856	3.288204	0.06919277	0	0
309.1477	3.286891	0.0635175	0	0
309.2098	3.285581	0.05885537	0	0
309.2719	3.284273	0.05493189	0	0
309.3961	3.281659	0.04864025	0	0
309.5202	3.279046	0.04378648	0	0
309.6622	3.276049	0.03942745	0	0
309.8041	3.273045	0.03598196	0	0
309.946	3.27003	0.03320383	0	0
310.0879	3.267003	0.03092964	0	0
310.3541	3.261289	0.02764356	0	0
310.6202	3.255529	0.02524571	0	0
310.8863	3.249718	0.02344846	0	0
311.1524	3.243851	0.02207953	0	0
311.4185	3.237926	0.02102583	0	0
311.6846	3.231944	0.02020445	0	0
312.2168	3.219808	0.01903152	0	0
312.749	3.207429	0.01828874	0	0
313.2812	3.194768	0.01785091	0	0
314.3456	3.168701	0.01748053	0	0
315.552	3.137834	0.01755594	0	0
316.7584	3.105266	0.01797905	0	0
319.1711	3.035173	0.01942647	0	0
321.5838	2.957257	0.02151536	0	0
323.9965	2.870044	0.02424322	0	0
326.4093	2.771753	0.02773013	0	0
327.6157	2.718253	0.02978595	0	0
328.822	2.660149	0.03220844	0	0
330.0284	2.59943	0.03484252	0	0
331.2347	2.533939	0.03790907	0	0
332.4411	2.463048	0.04151162	0	0
333.6474	2.386644	0.04573971	0	0
334.6054	2.321601	0.04966355	0	0
335.5634	2.252284	0.05423567	0	0
336.5214	2.178313	0.05965678	0	0
337.4794	2.099269	0.06624574	0	0
338.4374	2.015069	0.07437803	0	0
338.9164	1.970578	0.07944035	0	0
339.3954	1.924399	0.08547258	0	0
339.8744	1.876546	0.09284113	0	0
340.3534	1.827	0.1021584	0	0
340.8324	1.775693	0.114736	0	0
341.0719	1.749349	0.1230348	0	0
341.3114	1.722558	0.1333922	0	0
341.4977	1.701427	0.1434775	0	0
341.684	1.680062	0.1561484	0	0
341.8703	1.658501	0.1726858	0	0
341.9634	1.647675	0.1830796	0	0
342.0565	1.636834	0.1955404	0	0
342.1497	1.625999	0.2109784	0	0
342.2428	1.615247	0.2309635	0	0
342.2894	1.609922	0.2435368	0	0
342.336	1.60466	0.2585552	0	0
342.3826	1.599489	0.2768307	0	0
342.4291	1.594458	0.2994233	0	0
342.4757	1.589599	0.3279431	0	0
342.5223	1.584993	0.3643874	0	0
342.5689	1.580735	0.4114685	0	0
342.6154	1.576956	0.4725901	0	0
342.6387	1.575287	0.5099113	0	0
342.662	1.573798	0.5525845	0	0
342.6853	1.572517	0.6013733	0	0
342.7085	1.571476	0.6568728	0	0
342.7318	1.5707	0.7205009	0	0
342.7551	1.57023	0.7930733	0	0
342.7784	1.570105	0.8757286	0	0
342.8016	1.570367	0.9692782	0	0
342.8327	1.571404	1.114625	0	0
342.8637	1.573329	1.285411	0	0
342.8948	1.576287	1.486501	0	0
342.9258	1.580397	1.720613	0	0
342.9569	1.585836	1.993509	0	0
342.9879	1.59272	2.307817	0	0
343.019	1.601251	2.67004	0	0
343.05	1.611526	3.08226	0	0
343.0811	1.623761	3.551406	0	0
343.1121	1.638015	4.078395	0	0
343.1432	1.654501	4.670105	0	0
343.1742	1.673212	5.32554	0	0
343.2053	1.694336	6.050912	0	0
343.2363	1.717772	6.842503	0	0
343.2983	1.771687	8.628597	0	0
343.3693	1.844086	10.98102	0	0
343.4402	1.925317	13.58772	0	0
343.5821	2.096719	19.06147	0	0
343.6575	2.179071	21.72147	0	0
343.7329	2.244752	23.9044	0	0
343.8173	2.289404	25.52116	0	0
343.8659	2.298418	25.9739	0	0
343.9	2.296878	26.06632	0	0
343.9488	2.283234	25.87099	0	0
344.007	2.249838	25.14777	0	0
344.0579	2.20656	24.11257	0	0
344.1087	2.152046	22.75558	0	0
344.1959	2.038488	19.85542	0	0
344.2831	1.910557	16.54617	0	0
344.3704	1.780507	13.17989	0	0
344.4576	1.65887	10.05792	0	0
344.5012	1.603424	8.652257	0	0
344.5448	1.5523	7.371409	0	0
344.5884	1.505775	6.223256	0	0
344.632	1.463925	5.209987	0	0
344.6611	1.438556	4.607632	0	0
344.6902	1.415171	4.062516	0	0
344.7193	1.393687	3.572255	0	0
344.7483	1.374068	3.135401	0	0
344.7774	1.356069	2.745718	0	0
344.8065	1.339637	2.401328	0	0
344.8356	1.324647	2.098619	0	0
344.8646	1.311017	1.834781	0	0
344.8937	1.298527	1.604384	0	0
344.9228	1.287104	1.404879	0	0
344.9519	1.27663	1.232893	0	0
344.9809	1.267025	1.085719	0	0
345.01	1.258122	0.9593872	0	0
345.0391	1.249858	0.8517227	0	0
345.0682	1.242149	0.7602455	0	0
345.0972	1.23494	0.6829668	0	0
345.1263	1.228113	0.6173659	0	0
345.1554	1.22163	0.5619685	0	0
345.1845	1.215439	0.5152282	0	0
345.2135	1.209513	0.4759241	0	0
345.2426	1.20377	0.4426267	0	0
345.2717	1.198197	0.4144871	0	0
345.3298	1.187462	0.3704831	0	0
345.388	1.177087	0.3384491	0	0
345.4461	1.166977	0.3147787	0	0
345.5043	1.157009	0.2968273	0	0
345.5624	1.147155	0.2829229	0	0
345.6351	1.134902	0.2694395	0	0
345.7078	1.122687	0.2589787	0	0
345.8532	1.098261	0.2438821	0	0
345.9986	1.073738	0.233737	0	0
346.1439	1.049075	0.2268053	0	0
346.4347	0.9991216	0.2192069	0	0
346.7254	0.9482977	0.217058	0	0
347.0162	0.8965382	0.2184467	0	0
347.3069	0.8438927	0.2223442	0	0
347.8884	0.7359831	0.2358004	0	0
348.4699	0.6250513	0.2555555	0	0
349.0513	0.5121547	0.2812762	0	0
349.6328	0.399035	0.3135024	0	0
350.2142	0.2886056	0.3534082	0	0
350.505	0.2356671	0.3767684	0	0
350.7957	0.1852194	0.4027401	0	0
351.0864	0.1382639	0.4317296	0	0
351.2318	0.1165001	0.4475233	0	0
351.3771	0.09615854	0.4642644	0	0
351.4789	0.0828626	0.4766047	0	0
351.5807	0.07044863	0.4894796	0	0
351.6825	0.05900705	0.502918	0	0
351.7842	0.04864601	0.5169367	0	0
351.886	0.03945268	0.5315964	0	0
351.9877	0.03156263	0.546904	0	0
352.0386	0.02813926	0.554826	0	0
352.0895	0.02508922	0.5629286	0	0
352.1404	0.02243058	0.5712171	0	0
352.1912	0.02018626	0.5796804	0	0
352.2421	0.01836722	0.5883574	0	0
352.293	0.01699902	0.5972378	0	0
352.3439	0.01610344	0.6063277	0	0
352.3948	0.01570323	0.6156338	0	0
352.4294	0.01572615	0.6220865	0	0
352.4639	0.01599563	0.6286254	0	0
352.4784	0.01618432	0.6314053	0	0
352.5329	0.0173057	0.6420257	0	0
352.5874	0.01910359	0.6529243	0	0
352.6419	0.02161302	0.6641108	0	0
352.6765	0.02359218	0.6713667	0	0
352.711	0.02587575	0.6787238	0	0
352.7455	0.02847911	0.6862058	0	0
352.78	0.03141272	0.6938153	0	0
352.8146	0.03469738	0.701578	0	0
352.8491	0.0383253	0.7094519	0	0
352.9181	0.04668461	0.7256125	0	0
352.9945	0.05775666	0.7441748	0	0
353.0708	0.07085677	0.7634497	0	0
353.1471	0.08615113	0.7835005	0	0
353.2234	0.1038049	0.8043694	0	0
353.2998	0.124025	0.8261306	0	0
353.3761	0.1469512	0.8487753	0	0
353.4524	0.172817	0.872383	0	0
353.5287	0.2018478	0.8970088	0	0
353.5978	0.2310739	0.9202387	0	0
353.6668	0.2632429	0.9443634	0	0
353.7359	0.2986587	0.9695028	0	0
353.8049	0.3374456	0.9956375	0	0
353.874	0.3799619	1.022901	0	0
353.943	0.4263492	1.051274	0	0
354.0811	0.5321677	1.111783	0	0
354.2192	0.6575025	1.177753	0	0
354.3573	0.8054212	1.249866	0	0
354.4954	0.9795544	1.328916	0	0
354.6335	1.184217	1.415831	0	0
354.7934	1.466151	1.527734	0	0
354.9533	1.805719	1.653677	0	0
355.1132	2.215082	1.796138	0	0
355.2731	2.709527	1.958175	0	0
355.433	3.308456	2.1436	0	0
355.5929	4.036773	2.357214	0	0
355.6729	4.459478	2.476521	0	0
355.7528	4.926823	2.605144	0	0
355.8328	5.445649	2.744458	0	0
355.9127	6.021199	2.895315	0	0
355.9927	6.662516	3.059478	0	0
356.0726	7.376848	3.238133	0	0
356.1526	8.176364	3.433586	0	0
356.2325	9.07127	3.64751	0	0
356.3125	10.07828	3.882987	0	0
356.3924	11.2121	4.142427	0	0
356.4724	12.49629	4.430052	0	0
356.5523	13.95265	4.749424	0	0
356.6323	15.61546	5.106529	0	0
356.7122	17.51835	5.506812	0	0
356.7922	19.71338	5.959131	0	0
356.8721	22.25498	6.472202	0	0
356.9521	25.22677	7.059873	0	0
357.032	28.72254	7.736953	0	0
357.112	32.88648	8.526656	0	0
357.1919	37.89228	9.455908	0	0
357.2792	44.6324	10.67874	0	0
357.3228	48.63248	11.39161	0	0
357.3664	53.15397	12.18758	0	0
357.41	58.29094	13.08082	0	0
357.4536	64.15721	14.08839	0	0
357.4972	70.89033	15.23074	0	0
357.5408	78.65587	16.53236	0	0
357.5845	87.67449	18.02609	0	0
357.6281	98.14173	19.73971	0	0
357.6717	110.3561	21.71701	0	0
357.7153	124.6445	24.00523	0	0
357.7589	141.3857	26.65877	0	0
357.8025	161.0126	29.73944	0	0
357.8461	184.0127	33.31641	0	0
357.8897	210.9263	37.46582	0	0
357.9225	234.1061	41.01413	0	0
357.9552	260.0123	44.9567	0	0
357.9879	288.9812	49.34092	0	0
358.0206	321.286	54.2041	0	0
358.0533	357.1976	59.58287	0	0
358.086	396.978	65.51221	0	0
358.1514	489.1015	79.14717	0	0
358.2169	599.4379	95.33596	0	0
358.2823	728.5189	114.1187	0	0
358.3477	876.2961	135.4494	0	0
358.4131	1041.18	159.0584	0	0
358.573	1492.396	222.7019	0	0
358.653	1722.153	254.507	0	0
358.7329	1934.594	283.4107	0	0
358.7997	2087.369	303.7211	0	0
358.8665	2208.053	319.2127	0	0
358.9333	2289.33	328.9033	0	0
359	2326.193	332.1579	0	0
359.0665	2316.787	328.8002	0	0
359.133	2262.259	319.0732	0	0
359.1995	2166.502	303.6108	0	0
359.266	2035.874	283.3859	0	0
359.3563	1817.389	250.4793	0	0
359.4465	1572.545	214.3463	0	0
359.5368	1322.584	178.0037	0	0
359.627	1085.983	144.0251	0	0
359.7001	912.5213	119.3661	0	0
359.7732	759.6027	97.81732	0	0
359.8463	628.6522	79.52652	0	0
359.8828	571.4192	71.5875	0	0
359.9193	519.3986	64.40534	0	0
359.9559	472.2226	57.9236	0	0
359.9924	429.8574	52.13205	0	0
360.0289	391.8453	46.96263	0	0
360.0654	357.847	42.3641	0	0
360.102	327.4382	38.2743	0	0
360.1385	300.4417	34.66479	0	0
360.175	276.4375	31.47497	0	0
360.2115	255.1094	28.65877	0	0
360.276	223.0674	24.46609	0	0
360.3405	197.0126	21.09854	0	0
360.405	175.7199	18.38157	0	0
360.4694	158.2136	16.17693	0	0
360.5339	143.6417	14.36598	0	0
360.5983	131.4245	12.86749	0	0
360.6628	121.0381	11.60983	0	0
360.7272	112.1414	10.54587	0	0
360.7917	104.4194	9.633328	0	0
360.8562	97.6653	8.844244	0	0
360.9207	91.70789	8.155795	0	0
360.9851	86.42133	7.55122	0	0
361.114	77.4275	6.537595	0	0
361.2429	70.07111	5.723955	0	0
361.3547	64.69941	5.139677	0	0
361.4664	60.07065	4.643624	0	0
361.5782	56.03794	4.217617	0	0
361.6899	52.50274	3.849356	0	0
361.8017	49.37632	3.528098	0	0
361.9134	46.59918	3.246523	0	0
362.1368	41.88488	2.777621	0	0
362.3603	38.04245	2.405011	0	0
362.5838	34.8588	2.103761	0	0
362.8073	32.18106	1.856302	0	0
363.0307	29.90048	1.650301	0	0
363.237	28.0772	1.489086	0	0
363.4433	26.47721	1.350419	0	0
363.6496	25.06393	1.230318	0	0
363.8558	23.80852	1.125673	0	0
364.0621	22.68593	1.033852	0	0
364.2684	21.67737	0.9528745	0	0
364.6809	19.94173	0.8171813	0	0
365.0935	18.5037	0.708633	0	0
365.506	17.29748	0.6206354	0	0
365.9186	16.2735	0.5483738	0	0
366.3311	15.39061	0.4879817	0	0
366.7093	14.6805	0.4407677	0	0
367.0875	14.05105	0.4000277	0	0
367.4657	13.49028	0.3646838	0	0
367.8438	12.98801	0.3338368	0	0
368.222	12.53552	0.3067406	0	0
368.6002	12.12602	0.2828162	0	0
369.3565	11.41418	0.2426658	0	0
370.1129	10.81692	0.2104932	0	0
370.8692	10.30922	0.1843221	0	0
371.6256	9.872609	0.1627467	0	0
372.3819	9.49574	0.1448895	0	0
373.1383	9.165966	0.1298722	0	0
373.8947	8.871531	0.1169096	0	0
374.6511	8.609375	0.1057779	0	0
375.4074	8.375372	0.096192	0	0
376.1638	8.164621	0.0878444	0	0
376.9201	7.973725	0.08052566	0	0
377.6765	7.800527	0.07409863	0	0
378.4328	7.64251	0.06841387	0	0
379.9456	7.364232	0.05883184	0	0
381.4583	7.127583	0.05113857	0	0
382.971	6.923799	0.04486541	0	0
384.4837	6.746347	0.03967784	0	0
385.9277	6.598786	0.03558347	0	0
387.3716	6.466438	0.0320655	0	0
388.8156	6.348135	0.02905432	0	0
390.2595	6.239729	0.026392	0	0
391.7035	6.143008	0.02412695	0	0
393.1474	6.055004	0.02214418	0	0
394.5914	5.973463	0.02036661	0	0
396.0353	5.899703	0.01882737	0	0
398.9232	5.767952	0.01620963	0	0
401.8111	5.655359	0.01412653	0	0
404.699	5.557058	0.01241955	0	0
407.5869	5.470547	0.01100677	0	0
410.3373	5.397675	0.009887043	0	0
413.0877	5.333195	0.008955547	0	0
415.8381	5.27347	0.008127398	0	0
418.5885	5.220363	0.007435408	0	0
421.3389	5.170379	0.006805916	0	0
424.0893	5.125623	0.006277397	0	0
429.5901	5.045043	0.005382714	0	0
435.0909	4.976226	0.00469149	0	0
440.5917	4.915844	0.004136661	0	0
446.0925	4.862101	0.003683335	0	0
451.5932	4.813929	0.003310957	0	0
457.6441	4.767025	0.002984991	0	0
463.6949	4.723851	0.002708379	0	0
469.7458	4.684959	0.002485846	0	0
475.7966	4.648469	0.002292906	0	0
481.8475	4.614528	0.00213084	0	0
487.8983	4.583347	0.002001462	0	0
500	4.525059	0.001791011	0	0
512.6834	4.469883	0.001643019	0	0
525.3667	4.418038	0.001541051	0	0
538.0501	4.368705	0.001486698	0	0
550.7334	4.320167	0.001456425	0	0
564.4737	4.267557	0.001467377	0	0
578.214	4.21341	0.001513479	0	0
585.0842	4.185991	0.001543228	0	0
591.9543	4.157295	0.001589802	0	0
605.6946	4.096423	0.001718931	0	0
619.4349	4.029807	0.001901943	0	0
626.3051	3.993524	0.002020152	0	0
633.1752	3.954437	0.002163445	0	0
640.0454	3.912486	0.002332825	0	0
646.9155	3.867245	0.002533008	0	0
653.7857	3.818193	0.002769975	0	0
660.6558	3.764523	0.003053228	0	0
666.9975	3.708817	0.003380467	0	0
673.3392	3.648735	0.003757368	0	0
679.6809	3.580507	0.004231926	0	0
686.0225	3.50428	0.00481035	0	0
692.3642	3.416855	0.005546812	0	0
698.7058	3.317231	0.006471988	0	0
701.8767	3.26096	0.007043019	0	0
705.0475	3.200051	0.007699018	0	0
708.2183	3.134426	0.008446011	0	0
711.3891	3.063099	0.009308485	0	0
714.8242	2.977147	0.01043356	0	0
718.2593	2.881433	0.0117946	0	0
721.6944	2.776858	0.01338581	0	0
725.1294	2.657523	0.01539805	0	0
728.5645	2.522698	0.01790885	0	0
730.2821	2.448367	0.01940966	0	0
731.9996	2.368699	0.02111788	0	0
733.7172	2.283235	0.02306942	0	0
735.4347	2.19152	0.02530503	0	0
737.1522	2.092883	0.02788178	0	0
738.8697	1.986388	0.03088302	0	0
740.7194	1.861795	0.03471335	0	0
742.569	1.725843	0.03932425	0	0
744.4187	1.577352	0.04493406	0	0
746.2683	1.41645	0.05169844	0	0
748.118	1.23928	0.06030573	0	0
749.0428	1.144764	0.06544916	0	0
749.9676	1.046243	0.0712871	0	0
750.8925	0.9437715	0.07795143	0	0
751.8173	0.8375801	0.08560449	0	0
752.7421	0.7280743	0.09445358	0	0
753.6669	0.6159857	0.1047624	0	0
755.0212	0.449853	0.1232283	0	0
755.6983	0.3676656	0.1343561	0	0
756.3754	0.2875658	0.1470195	0	0
757.0526	0.2111668	0.1614697	0	0
757.3912	0.1751983	0.1695267	0	0
757.7297	0.1412661	0.1782281	0	0
758.0683	0.1098147	0.1876413	0	0
758.4068	0.08142351	0.1978341	0	0
758.5761	0.06857317	0.2032524	0	0
758.7454	0.0567463	0.2089	0	0
758.9147	0.04604564	0.2147899	0	0
759.0839	0.03658838	0.2209322	0	0
759.1665	0.03245712	0.2240281	0	0
759.2491	0.02866464	0.2271902	0	0
759.3317	0.0252268	0.2304205	0	0
759.4142	0.02216358	0.2337168	0	0
759.4968	0.01948483	0.2370892	0	0
759.5793	0.01721505	0.2405316	0	0
759.6619	0.01536757	0.2440545	0	0
759.7444	0.01396655	0.2476517	0	0
759.794	0.01334647	0.2498531	0	0
759.8435	0.01289965	0.2520798	0	0
759.8931	0.012629	0.2543411	0	0
759.9426	0.01254051	0.2566286	0	0
760.0086	0.01271339	0.2597273	0	0
760.0335	0.01286722	0.2609111	0	0
760.0789	0.0132758	0.2630905	0	0
760.1347	0.01400991	0.2658071	0	0
760.1904	0.01500524	0.2685613	0	0
760.2606	0.01664595	0.2720944	0	0
760.3308	0.01873317	0.2756982	0	0
760.401	0.0212845	0.2793745	0	0
760.4711	0.02431357	0.28312	0	0
760.5537	0.02852592	0.2876316	0	0
760.6363	0.03346486	0.2922526	0	0
760.7189	0.0391643	0.2969867	0	0
760.8014	0.04565146	0.3018315	0	0
760.884	0.05297927	0.3068028	0	0
760.9666	0.06117944	0.3118986	0	0
761.0492	0.07029301	0.3171232	0	0
761.1317	0.08035022	0.3224744	0	0
761.2184	0.09199704	0.3282462	0	0
761.3051	0.1048024	0.3341753	0	0
761.3918	0.1188243	0.3402673	0	0
761.4785	0.1341239	0.3465283	0	0
761.6519	0.1688181	0.3595831	0	0
761.8253	0.2094467	0.373394	0	0
761.9987	0.2566381	0.3880212	0	0
762.1721	0.3110963	0.4035311	0	0
762.3455	0.3736122	0.4199976	0	0
762.5189	0.4450748	0.4375022	0	0
762.6428	0.5021667	0.4506957	0	0
762.7667	0.5647367	0.4645015	0	0
762.8906	0.633222	0.4789585	0	0
763.0144	0.7080339	0.4940958	0	0
763.2621	0.8789725	0.5266419	0	0
763.5098	1.082242	0.562542	0	0
763.7576	1.323554	0.6022846	0	0
764.0053	1.609499	0.6463985	0	0
764.253	1.948445	0.6955731	0	0
764.5007	2.350543	0.7506213	0	0
764.6411	2.611131	0.7847971	0	0
764.7815	2.898635	0.8213798	0	0
764.9219	3.216071	0.8606016	0	0
765.0622	3.566589	0.902692	0	0
765.2026	3.954572	0.9480042	0	0
765.343	4.38422	0.9968416	0	0
765.4834	4.860632	1.049582	0	0
765.6237	5.389301	1.106617	0	0
765.7641	5.977809	1.168525	0	0
765.9045	6.633762	1.235843	0	0
766.0449	7.366465	1.309235	0	0
766.1852	8.186211	1.389418	0	0
766.3256	9.106997	1.477406	0	0
766.466	10.14342	1.574202	0	0
766.6064	11.31349	1.681047	0	0
766.7467	12.63768	1.799321	0	0
766.9284	14.62561	1.972482	0	0
767.1101	16.98742	2.172602	0	0
767.2918	19.81469	2.405739	0	0
767.4734	23.22662	2.679648	0	0
767.6551	27.39043	3.005177	0	0
767.8367	32.52658	3.396288	0	0
767.9276	35.55796	3.622697	0	0
768.0184	38.95849	3.87336	0	0
768.1092	42.79362	4.152356	0	0
768.2	47.13938	4.464342	0	0
768.2785	51.37929	4.764984	0	0
768.3569	56.13707	5.098468	0	0
768.4354	61.51298	5.47092	0	0
768.5138	67.59946	5.887702	0	0
768.5923	74.54048	6.357456	0	0
768.6707	82.47325	6.88806	0	0
768.7492	91.60493	7.491737	0	0
768.8276	102.1362	8.179877	0	0
768.9061	114.3616	8.969557	0	0
768.9845	128.5659	9.876714	0	0
769.063	145.1555	10.92451	0	0
769.1414	164.5144	12.13409	0	0
769.2199	187.1765	13.53532	0	0
769.2983	213.6215	15.15403	0	0
769.3767	244.4584	17.02333	0	0
769.4551	280.2986	19.17574	0	0
769.546	328.9304	22.06814	0	0
769.6368	385.9639	25.42658	0	0
769.7276	452.2239	29.29097	0	0
769.8184	528.2442	33.68324	0	0
769.9093	614.2969	38.60938	0	0
770.0001	709.8798	44.03054	0	0
770.1817	925.586	56.08724	0	0
770.3599	1155.436	68.66333	0	0
770.5381	1378.527	80.53907	0	0
770.7163	1564.156	89.99653	0	0
770.8054	1633.412	93.30427	0	0
770.8945	1682.789	95.44902	0	0
771	1712.703	96.34922	0	0
771.0808	1713.677	95.7997	0	0
771.1616	1695.695	94.19601	0	0
771.3232	1607.009	88.11495	0	0
771.4848	1461.029	79.00804	0	0
771.6463	1278.891	68.11812	0	0
771.8137	1075.895	56.30519	0	0
771.9811	879.7251	45.12396	0	0
772.0648	789.1233	40.02979	0	0
772.1485	705.1704	35.3492	0	0
772.2322	628.5361	31.1117	0	0
772.3159	559.4923	27.32496	0	0
772.3927	502.7755	24.23864	0	0
772.4694	452.2368	21.50926	0	0
772.5462	407.3845	19.10556	0	0
772.6229	367.8915	17.00561	0	0
772.6997	333.1632	15.17376	0	0
772.7764	302.7838	13.58437	0	0
772.8531	276.2077	12.2055	0	0
772.9298	252.9627	11.00965	0	0
773.0066	232.5879	9.970436	0	0
773.0833	214.7426	9.068081	0	0
773.1601	199.0303	8.280449	0	0
773.2368	185.1866	7.592473	0	0
773.3136	172.9114	6.98766	0	0
773.3903	162.011	6.455118	0	0
773.5437	143.5461	5.563946	0	0
773.6902	129.1816	4.881467	0	0
773.8367	117.2441	4.322536	0	0
773.9832	107.1881	3.858237	0	0
774.1297	98.61463	3.467645	0	0
774.2762	91.22749	3.135402	0	0
774.4227	84.80368	2.850052	0	0
774.5692	79.17243	2.602902	0	0
774.7156	74.20411	2.387387	0	0
774.8621	69.78717	2.197969	0	0
775.0086	65.84123	2.030636	0	0
775.3016	59.10257	1.74944	0	0
775.5946	53.57625	1.523696	0	0
775.8875	48.97791	1.339703	0	0
776.1666	45.26947	1.194211	0	0
776.4456	42.08439	1.071564	0	0
776.7246	39.32047	0.9670472	0	0
777.0036	36.9006	0.8771377	0	0
777.2827	34.76536	0.7991531	0	0
777.5617	32.87102	0.7311215	0	0
777.8407	31.18085	0.6714199	0	0
778.1197	29.66543	0.6187593	0	0
778.6778	27.0649	0.5304984	0	0
779.2358	24.91973	0.4599282	0	0
779.7939	23.12323	0.4025847	0	0
780.3519	21.6	0.3553642	0	0
780.8542	20.41588	0.3196352	0	0
781.3564	19.37764	0.2890801	0	0
781.8587	18.46218	0.2627946	0	0
782.3609	17.64992	0.2400284	0	0
782.8632	16.92117	0.2200596	0	0
783.3654	16.2629	0.2024057	0	0
784.3699	15.12542	0.1728528	0	0
785.3744	14.18076	0.1493261	0	0
786.3789	13.38493	0.1302957	0	0
787.3834	12.70606	0.1146837	0	0
788.3878	12.12068	0.1017186	0	0
789.3365	11.63757	0.09138974	0	0
790.2852	11.21052	0.08255684	0	0
791.2339	10.83049	0.07494444	0	0
792.1826	10.49069	0.06834815	0	0
793.1313	10.18799	0.06266222	0	0
794.08	9.912628	0.05763293	0	0
795.9773	9.429426	0.04913912	0	0
797.8747	9.024137	0.04239144	0	0
799.7721	8.679574	0.03694358	0	0
801.6695	8.383169	0.03248217	0	0
803.5668	8.125576	0.02878295	0	0
805.3526	7.912182	0.02584969	0	0
807.1384	7.722242	0.0233428	0	0
808.9242	7.552108	0.02118355	0	0
810.7099	7.398858	0.01931066	0	0
812.4957	7.260092	0.01767553	0	0
814.2814	7.134498	0.01624916	0	0
817.8529	6.913914	0.01386375	0	0
821.4244	6.726437	0.01195983	0	0
824.9959	6.565638	0.01042342	0	0
828.5674	6.426185	0.009165779	0	0
832.1389	6.304074	0.008123398	0	0
835.4872	6.202654	0.007300751	0	0
838.8355	6.111831	0.006598001	0	0
842.1838	6.029992	0.005992739	0	0
845.5321	5.955837	0.005467585	0	0
848.8804	5.888309	0.005008916	0	0
852.2287	5.826538	0.004605933	0	0
855.577	5.769806	0.004249984	0	0
858.9252	5.718562	0.003943032	0	0
865.6218	5.624894	0.003405154	0	0
872.3184	5.543923	0.002971785	0	0
879.015	5.473217	0.002617826	0	0
885.7115	5.410937	0.002325305	0	0
891.9617	5.359235	0.002096622	0	0
898.2119	5.312613	0.001901162	0	0
904.4621	5.2702	0.001732029	0	0
910.7122	5.23143	0.001584755	0	0
916.9624	5.195842	0.00145582	0	0
923.2125	5.16305	0.001342368	0	0
935.7128	5.104674	0.001153425	0	0
941.963	5.078677	0.001074906	0	0
948.2131	5.055162	0.001008014	0	0
960.7134	5.010708	8.86E-04	0	0
973.2137	4.971337	7.86E-04	0	0
985.714	4.936237	7.03E-04	0	0
1000	4.900541	6.26E-04	0	0
1013.684	4.870254	5.66E-04	0	0
1027.367	4.842434	5.14E-04	0	0
1041.05	4.816765	4.70E-04	0	0
1054.733	4.793056	4.32E-04	0	0
1082.1	4.751423	3.72E-04	0	0
1109.466	4.7145	3.27E-04	0	0
1136.833	4.681895	2.93E-04	0	0
1164.199	4.65196	2.67E-04	0	0
1191.566	4.624598	2.49E-04	0	0
1218.932	4.598359	2.35E-04	0	0
1246.299	4.573459	2.27E-04	0	0
1273.665	4.548865	2.23E-04	0	0
1294.19	4.530478	2.24E-04	0	0
1314.715	4.511785	2.28E-04	0	0
1335.24	4.492483	2.36E-04	0	0
1355.765	4.4722	2.49E-04	0	0
1366.028	4.461667	2.58E-04	0	0
1376.29	4.45045	2.69E-04	0	0
1386.553	4.438869	2.82E-04	0	0
1396.815	4.426569	2.98E-04	0	0
1407.078	4.413675	3.17E-04	0	0
1417.34	4.399713	3.40E-04	0	0
1427.602	4.384623	3.69E-04	0	0
1437.864	4.368118	4.04E-04	0	0
1446.987	4.351971	4.43E-04	0	0
1456.109	4.334139	4.91E-04	0	0
1465.231	4.314221	5.50E-04	0	0
1474.353	4.291687	6.25E-04	0	0
1483.475	4.265861	7.21E-04	0	0
1488.036	4.251422	7.80E-04	0	0
1492.597	4.235714	8.48E-04	0	0
1497.158	4.218577	9.27E-04	0	0
1501.719	4.199774	0.001019239	0	0
1506.28	4.179018	0.001128503	0	0
1510.841	4.155945	0.001258826	0	0
1515.118	4.1318	0.001405304	0	0
1519.394	4.104734	0.001581957	0	0
1523.67	4.07413	0.00179774	0	0
1527.946	4.039211	0.002064948	0	0
1530.084	4.020218	0.002217903	0	0
1532.222	3.999425	0.00239465	0	0
1534.36	3.97695	0.002594872	0	0
1536.498	3.952588	0.002822685	0	0
1538.636	3.926082	0.003083429	0	0
1540.774	3.897124	0.00338379	0	0
1542.912	3.865344	0.003732265	0	0
1545.05	3.830296	0.004139744	0	0
1547.331	3.788684	0.004655605	0	0
1549.611	3.74193	0.005277413	0	0
1551.892	3.688947	0.006037124	0	0
1554.172	3.628436	0.006977972	0	0
1556.453	3.558958	0.008152548	0	0
1557.593	3.520196	0.008853576	0	0
1558.733	3.477942	0.009659335	0	0
1559.874	3.43193	0.01058435	0	0
1561.014	3.381764	0.01165024	0	0
1562.154	3.326803	0.01288829	0	0
1563.294	3.266326	0.0143378	0	0
1564.506	3.194997	0.01616846	0	0
1565.717	3.115219	0.01837663	0	0
1566.929	3.025253	0.02107891	0	0
1568.14	2.923218	0.02442879	0	0
1569.352	2.806518	0.02864655	0	0
1569.958	2.741837	0.03116743	0	0
1570.563	2.672327	0.03403358	0	0
1571.169	2.597011	0.03733569	0	0
1571.775	2.515287	0.04116052	0	0
1572.381	2.42643	0.04561716	0	0
1572.986	2.329743	0.0508395	0	0
1573.628	2.217266	0.05743894	0	0
1574.269	2.093393	0.06541574	0	0
1574.911	1.956054	0.07521741	0	0
1575.552	1.803786	0.08740411	0	0
1575.873	1.721213	0.09465945	0	0
1576.194	1.634072	0.1028628	0	0
1576.515	1.542097	0.1121906	0	0
1576.835	1.445344	0.122831	0	0
1577.156	1.342987	0.1351362	0	0
1577.476	1.235527	0.1493939	0	0
1577.797	1.122317	0.1661652	0	0
1578.117	1.004368	0.1859596	0	0
1578.403	0.8952621	0.2069116	0	0
1578.688	0.7841529	0.2316557	0	0
1578.973	0.6725135	0.2613139	0	0
1579.258	0.5635562	0.2973636	0	0
1579.543	0.4629497	0.3419561	0	0
1579.686	0.4185892	0.3685188	0	0
1579.828	0.3811137	0.3983905	0	0
1579.971	0.3529338	0.4327503	0	0
1580.042	0.3437661	0.451707	0	0
1580.113	0.338691	0.4721239	0	0
1580.185	0.3386012	0.4945085	0	0
1580.256	0.3445609	0.5184592	0	0
1580.327	0.3578267	0.5445343	0	0
1580.398	0.3799951	0.573043	0	0
1580.448	0.401998	0.5947775	0	0
1580.497	0.4295754	0.6175703	0	0
1580.546	0.4640081	0.6420032	0	0
1580.595	0.506332	0.6682595	0	0
1580.644	0.5577438	0.6965472	0	0
1580.693	0.619624	0.7271027	0	0
1580.742	0.6935631	0.7601942	0	0
1580.791	0.7813909	0.796126	0	0
1580.836	0.8760782	0.8319212	0	0
1580.88	0.9834751	0.8698062	0	0
1580.915	1.080667	0.9021882	0	0
1580.92	1.095472	0.9069878	0	0
1580.934	1.138214	0.9206675	0	0
1580.947	1.179655	0.9336962	0	0
1580.976	1.278503	0.9639435	0	0
1581.004	1.382903	0.994787	0	0
1581.04	1.531232	1.036991	0	0
1581.076	1.696956	1.082298	0	0
1581.112	1.881873	1.130985	0	0
1581.147	2.08192	1.181844	0	0
1581.187	2.337559	1.24461	0	0
1581.227	2.625089	1.31279	0	0
1581.267	2.948016	1.386907	0	0
1581.307	3.310165	1.467529	0	0
1581.347	3.715705	1.55527	0	0
1581.387	4.16916	1.650794	0	0
1581.427	4.675431	1.754812	0	0
1581.467	5.239806	1.868088	0	0
1581.521	6.104016	2.037151	0	0
1581.574	7.079992	2.223034	0	0
1581.628	8.220866	2.43505	0	0
1581.681	9.501611	2.667758	0	0
1581.735	10.98955	2.932571	0	0
1581.788	12.64935	3.222394	0	0
1581.842	14.56511	3.551078	0	0
1581.895	16.68783	3.9094	0	0
1581.944	18.8836	4.274764	0	0
1581.993	21.3222	4.675333	0	0
1582.042	24.02215	5.113501	0	0
1582.091	27.00204	5.591634	0	0
1582.14	30.28032	6.112041	0	0
1582.189	33.875	6.676927	0	0
1582.287	42.0818	7.9482	0	0
1582.385	51.74637	9.419396	0	0
1582.483	62.96457	11.09983	0	0
1582.581	75.79186	12.99254	0	0
1582.678	90.07555	15.07017	0	0
1582.794	109.1424	17.80156	0	0
1582.91	130.1424	20.7607	0	0
1583.142	176.2019	27.08375	0	0
1583.338	216.1604	32.37108	0	0
1583.533	252.6583	36.98273	0	0
1583.649	271.0769	39.18089	0	0
1583.765	286.0166	40.83987	0	0
1583.883	296.943	41.889	0	0
1584	303.0246	42.23924	0	0
1584.023	303.6371	42.22504	0	0
1584.102	304.2599	41.96859	0	0
1584.18	302.6354	41.40541	0	0
1584.337	292.9042	39.39829	0	0
1584.506	273.8909	36.12321	0	0
1584.675	248.0931	32.01524	0	0
1585.013	186.4777	22.8049	0	0
1585.182	155.6064	18.38551	0	0
1585.351	127.2381	14.42096	0	0
1585.497	105.6213	11.46463	0	0
1585.57	95.94781	10.1618	0	0
1585.643	87.05382	8.976308	0	0
1585.716	78.93539	7.905703	0	0
1585.789	71.57466	6.945745	0	0
1585.862	64.94244	6.090794	0	0
1585.935	59.00077	5.33418	0	0
1586.008	53.70532	4.668532	0	0
1586.081	49.00759	4.086093	0	0
1586.154	44.85688	3.578973	0	0
1586.227	41.2019	3.13937	0	0
1586.3	37.99218	2.759748	0	0
1586.373	35.17912	2.432967	0	0
1586.446	32.71679	2.152374	0	0
1586.518	30.59012	1.914918	0	0
1586.591	28.70137	1.708542	0	0
1586.664	27.04666	1.531862	0	0
1586.737	25.59432	1.380509	0	0
1586.81	24.31633	1.250661	0	0
1586.883	23.18811	1.139005	0	0
1586.956	22.18831	1.042694	0	0
1587.029	21.29849	0.9593001	0	0
1587.102	20.50283	0.8867665	0	0
1587.248	19.14217	0.7676385	0	0
1587.394	18.02138	0.6746005	0	0
1587.54	17.07998	0.6002445	0	0
1587.685	16.28024	0.5398679	0	0
1587.831	15.58087	0.4891692	0	0
1587.977	14.96593	0.4461924	0	0
1588.123	14.41949	0.4092436	0	0
1588.269	13.92969	0.3771087	0	0
1588.561	13.08587	0.3239332	0	0
1588.852	12.3852	0.2819214	0	0
1589.113	11.84833	0.2510964	0	0
1589.374	11.38035	0.2252356	0	0
1589.635	10.96866	0.2032963	0	0
1589.896	10.60358	0.1845028	0	0
1590.157	10.27753	0.1682649	0	0
1590.418	9.984457	0.1541258	0	0
1590.679	9.719513	0.1417276	0	0
1590.94	9.478767	0.1307873	0	0
1591.462	9.057611	0.1124225	0	0
1591.984	8.701451	0.09769727	0	0
1592.506	8.396468	0.08570828	0	0
1593.027	8.132939	0.07583364	0	0
1593.519	7.914632	0.06800898	0	0
1594.01	7.72129	0.0613584	0	0
1594.502	7.548241	0.05563621	0	0
1594.993	7.39314	0.0506989	0	0
1595.485	7.252896	0.0463958	0	0
1595.976	7.125971	0.0426374	0	0
1596.958	6.903955	0.03637829	0	0
1597.941	6.715523	0.03138496	0	0
1598.923	6.554216	0.02735556	0	0
1599.906	6.414479	0.02405638	0	0
1600.888	6.292502	0.02132649	0	0
1601.81	6.191198	0.0191684	0	0
1602.731	6.100711	0.01732648	0	0
1603.652	6.01931	0.01574012	0	0
1604.573	5.945691	0.01436413	0	0
1605.495	5.878718	0.01316168	0	0
1606.416	5.817687	0.0121077	0	0
1608.258	5.710993	0.01036684	0	0
1610.101	5.619518	0.00897153	0	0
1611.943	5.540453	0.00784043	0	0
1613.785	5.471596	0.006914901	0	0
1615.627	5.411077	0.006148188	0	0
1617.347	5.360822	0.00554538	0	0
1619.067	5.315656	0.005030294	0	0
1620.787	5.274833	0.004586834	0	0
1622.506	5.237768	0.004202664	0	0
1624.226	5.20392	0.003867481	0	0
1625.945	5.172918	0.003573821	0	0
1629.384	5.118059	0.003086277	0	0
1632.824	5.071597	0.002709278	0	0
1636.263	5.030572	0.002399798	0	0
1639.702	4.994647	0.002150942	0	0
1643.141	4.962943	0.001950181	0	0
1646.089	4.938643	0.001809922	0	0
1649.037	4.916479	0.001693046	0	0
1651.985	4.896078	0.001595617	0	0
1654.933	4.877354	0.001517035	0	0
1657.881	4.860183	0.00145693	0	0
1660.829	4.844268	0.001413324	0	0
1663.777	4.829412	0.001385286	0	0
1666.724	4.815585	0.001374588	0	0
1669.427	4.803775	0.001383402	0	0
1672.129	4.792619	0.001410811	0	0
1674.831	4.782014	0.00145666	0	0
1677.533	4.772047	0.001533308	0	0
1680.236	4.762623	0.001648039	0	0
1682.938	4.753691	0.001814236	0	0
1684.289	4.749397	0.001923075	0	0
1685.64	4.745214	0.002054341	0	0
1686.991	4.741136	0.002212863	0	0
1688.342	4.737157	0.002402902	0	0
1689.632	4.733454	0.002624653	0	0
1690.922	4.729849	0.002899017	0	0
1692.212	4.726338	0.00323961	0	0
1693.501	4.722925	0.003667471	0	0
1694.791	4.71961	0.004214626	0	0
1695.436	4.717992	0.00454665	0	0
1696.081	4.716403	0.004927633	0	0
1696.726	4.714844	0.005367102	0	0
1697.371	4.713318	0.005876519	0	0
1698.016	4.711827	0.006471108	0	0
1698.66	4.710379	0.007171874	0	0
1699.336	4.708912	0.008055348	0	0
1700.011	4.707509	0.00913197	0	0
1700.687	4.70618	0.01046473	0	0
1701.362	4.70495	0.01213583	0	0
1701.7	4.70438	0.01313808	0	0
1702.038	4.703846	0.01427783	0	0
1702.376	4.703355	0.01558148	0	0
1702.713	4.702916	0.01707731	0	0
1703.051	4.702537	0.01881611	0	0
1703.388	4.702232	0.02084185	0	0
1703.726	4.702018	0.02323874	0	0
1704.063	4.701919	0.02608975	0	0
1704.401	4.701968	0.02954575	0	0
1704.739	4.70221	0.03378747	0	0
1705.077	4.702713	0.03908861	0	0
1705.246	4.703094	0.04226313	0	0
1705.415	4.703583	0.04588069	0	0
1705.584	4.704207	0.05004865	0	0
1705.753	4.705005	0.05492321	0	0
1705.922	4.706038	0.0607501	0	0
1706.091	4.707407	0.06794067	0	0
1706.26	4.709293	0.07721466	0	0
1706.345	4.710528	0.08303952	0	0
1706.429	4.712014	0.08985896	0	0
1706.514	4.713865	0.09816097	0	0
1706.598	4.716145	0.1081764	0	0
1706.682	4.719013	0.1205518	0	0
1706.766	4.722651	0.1360175	0	0
1706.859	4.727864	0.1578995	0	0
1706.905	4.731024	0.1710533	0	0
1706.951	4.734648	0.1860702	0	0
1706.997	4.738807	0.2032314	0	0
1707.043	4.743581	0.2228555	0	0
1707.089	4.749059	0.2453022	0	0
1707.135	4.755343	0.2709766	0	0
1707.181	4.762546	0.3003325	0	0
1707.227	4.770794	0.3338769	0	0
1707.273	4.780229	0.3721736	0	0
1707.319	4.791006	0.4158473	0	0
1707.365	4.803298	0.4655867	0	0
1707.411	4.817294	0.5221481	0	0
1707.457	4.8332	0.5863582	0	0
1707.503	4.851242	0.6591159	0	0
1707.549	4.871661	0.7413946	0	0
1707.595	4.894721	0.8342421	0	0
1707.641	4.920702	0.9387808	0	0
1707.687	4.949903	1.056206	0	0
1707.733	4.982639	1.187782	0	0
1707.779	5.019245	1.33484	0	0
1707.825	5.060066	1.498771	0	0
1707.871	5.105465	1.681017	0	0
1707.917	5.155812	1.883062	0	0
1707.963	5.211487	2.106421	0	0
1708.009	5.272872	2.352627	0	0
1708.055	5.340351	2.623212	0	0
1708.147	5.495097	3.243542	0	0
1708.239	5.678614	3.978954	0	0
1708.339	5.913688	4.920689	0	0
1708.439	6.188293	6.02051	0	0
1708.539	6.503859	7.284111	0	0
1708.639	6.860365	8.711379	0	0
1708.739	7.25602	10.29512	0	0
1708.839	7.686996	12.01999	0	0
1709.038	8.623685	15.7681	0	0
1709.253	9.678533	19.98793	0	0
1709.467	10.64827	23.86616	0	0
1709.59	11.11451	25.73022	0	0
1709.713	11.48269	27.20174	0	0
1709.852	11.75509	28.2897	0	0
1709.936	11.83737	28.61773	0	0
1710	11.85639	28.69299	0	0
1710.055	11.84226	28.63572	0	0
1710.121	11.78835	28.41924	0	0
1710.219	11.63606	27.80889	0	0
1710.317	11.40273	26.87445	0	0
1710.414	11.10031	25.66386	0	0
1710.6	10.36142	22.70707	0	0
1710.786	9.488903	19.21659	0	0
1710.972	8.574944	15.56121	0	0
1711.158	7.700584	12.06501	0	0
1711.251	7.297761	10.45458	0	0
1711.344	6.925004	8.964554	0	0
1711.437	6.585615	7.608103	0	0
1711.529	6.284432	6.404546	0	0
1711.644	5.956754	5.095389	0	0
1711.702	5.811623	4.515671	0	0
1711.759	5.681642	3.996548	0	0
1711.817	5.561726	3.517706	0	0
1711.874	5.455416	3.093274	0	0
1711.932	5.358309	2.705668	0	0
1711.989	5.273054	2.365452	0	0
1712.047	5.195916	2.057713	0	0
1712.104	5.128818	1.79011	0	0
1712.162	5.068654	1.550247	0	0
1712.219	5.016777	1.343508	0	0
1712.277	4.970653	1.159785	0	0
1712.334	4.931206	1.002746	0	0
1712.392	4.896408	0.8642992	0	0
1712.449	4.866868	0.7468624	0	0
1712.516	4.83732	0.629505	0	0
1712.582	4.812947	0.5328152	0	0
1712.649	4.792303	0.4510411	0	0
1712.715	4.775392	0.3841712	0	0
1712.782	4.761152	0.3279817	0	0
1712.848	4.74954	0.2822768	0	0
1712.914	4.739924	0.2445418	0	0
1712.98	4.731961	0.2134123	0	0
1713.047	4.725273	0.1873774	0	0
1713.113	4.719811	0.1662274	0	0
1713.18	4.7152	0.1484807	0	0
1713.246	4.711407	0.1339837	0	0
1713.313	4.708172	0.1217232	0	0
1713.379	4.705477	0.1116043	0	0
1713.445	4.703177	0.1030571	0	0
1713.511	4.701196	0.0957818	0	0
1713.644	4.697942	0.08404973	0	0
1713.777	4.695389	0.07510214	0	0
1713.91	4.693307	0.06801902	0	0
1714.042	4.691563	0.06225891	0	0
1714.175	4.690037	0.05736819	0	0
1714.307	4.688695	0.05318756	0	0
1714.572	4.686373	0.04625441	0	0
1714.82	4.684527	0.04103775	0	0
1715.068	4.682912	0.03671208	0	0
1715.316	4.681474	0.03307131	0	0
1715.564	4.680177	0.02997011	0	0
1715.812	4.678993	0.02730364	0	0
1716.06	4.677903	0.0249923	0	0
1716.308	4.676891	0.02297436	0	0
1716.555	4.675947	0.02120783	0	0
1717.051	4.674209	0.01824548	0	0
1717.546	4.672637	0.0158861	0	0
1718.042	4.671183	0.01396494	0	0
1718.537	4.669826	0.01238406	0	0
1718.998	4.66863	0.01114826	0	0
1719.458	4.667489	0.01009685	0	0
1719.918	4.666392	0.009192918	0	0
1720.378	4.665333	0.008409958	0	0
1720.838	4.664305	0.007727142	0	0
1721.298	4.663304	0.007127962	0	0
1722.218	4.661371	0.006130436	0	0
1723.139	4.65951	0.005339349	0	0
1724.059	4.657711	0.004702927	0	0
1724.979	4.655961	0.004179283	0	0
1725.899	4.654251	0.003742297	0	0
1726.891	4.652448	0.003348657	0	0
1727.882	4.650684	0.003019128	0	0
1728.873	4.648954	0.002740127	0	0
1729.864	4.647253	0.002501713	0	0
1730.855	4.645579	0.002296283	0	0
1731.846	4.643931	0.002117944	0	0
1733.828	4.640707	0.001825197	0	0
1735.81	4.637573	0.001599065	0	0
1737.792	4.634512	0.001415789	0	0
1739.774	4.631522	0.001266622	0	0
1741.756	4.6286	0.001143773	0	0
1743.455	4.626147	0.001054857	0	0
1745.154	4.623738	9.78E-04	0	0
1748.552	4.619046	8.52E-04	0	0
1751.95	4.614513	7.54E-04	0	0
1755.348	4.61013	6.76E-04	0	0
1759.879	4.604496	5.94E-04	0	0
1764.41	4.599078	5.30E-04	0	0
1768.941	4.593867	4.78E-04	0	0
1773.471	4.588847	4.36E-04	0	0
1778.002	4.584001	4.01E-04	0	0
1782.532	4.579325	3.72E-04	0	0
1791.593	4.570412	3.25E-04	0	0
1800.654	4.562025	2.89E-04	0	0
1809.715	4.554103	2.61E-04	0	0
1818.776	4.546593	2.38E-04	0	0
1827.837	4.539448	2.19E-04	0	0
1838.598	4.531415	2.01E-04	0	0
1849.358	4.523814	1.87E-04	0	0
1860.118	4.516479	1.74E-04	0	0
1870.878	4.509437	1.63E-04	0	0
1892.398	4.496209	1.46E-04	0	0
1913.918	4.483915	1.33E-04	0	0
1935.439	4.472303	1.23E-04	0	0
1956.959	4.461247	1.15E-04	0	0
1978.479	4.450747	1.09E-04	0	0
1989.239	4.445578	1.06E-04	0	0
1994.619	4.442994	1.04E-04	0	0
1995.292	4.442671	1.04E-04	0	0
1995.628	4.442514	1.05E-04	0	0
1995.964	4.442376	1.06E-04	0	0
1996.133	4.442331	1.09E-04	0	0
1996.301	4.442327	1.15E-04	0	0
1996.385	4.442351	1.20E-04	0	0
1996.469	4.442402	1.27E-04	0	0
1996.553	4.44249	1.38E-04	0	0
1996.637	4.44263	1.52E-04	0	0
1996.721	4.442839	1.72E-04	0	0
1996.763	4.442977	1.84E-04	0	0
1996.805	4.443142	1.99E-04	0	0
1996.847	4.443338	2.16E-04	0	0
1996.889	4.443569	2.36E-04	0	0
1996.931	4.443842	2.59E-04	0	0
1996.973	4.444161	2.86E-04	0	0
1997.015	4.444535	3.17E-04	0	0
1997.057	4.444969	3.53E-04	0	0
1997.099	4.445474	3.95E-04	0	0
1997.141	4.446058	4.43E-04	0	0
1997.183	4.446732	4.98E-04	0	0
1997.225	4.447508	5.61E-04	0	0
1997.267	4.448398	6.33E-04	0	0
1997.309	4.449418	7.15E-04	0	0
1997.352	4.450612	8.12E-04	0	0
1997.394	4.451943	9.19E-04	0	0
1997.436	4.453457	0.001040407	0	0
1997.478	4.455174	0.001178093	0	0
1997.52	4.457117	0.001333708	0	0
1997.562	4.459311	0.001509229	0	0
1997.604	4.461783	0.001706798	0	0
1997.646	4.464562	0.001928731	0	0
1997.688	4.467681	0.002177525	0	0
1997.73	4.471172	0.002455861	0	0
1997.772	4.475072	0.002766612	0	0
1997.814	4.479419	0.003112847	0	0
1997.856	4.484256	0.00349783	0	0
1997.898	4.489625	0.003925025	0	0
1997.94	4.495572	0.004398094	0	0
1997.982	4.502147	0.004920896	0	0
1998.024	4.509401	0.005497481	0	0
1998.066	4.517386	0.006132085	0	0
1998.15	4.535777	0.007593179	0	0
1998.234	4.557791	0.009341423	0	0
1998.318	4.583924	0.01141626	0	0
1998.402	4.614695	0.0138587	0	0
1998.486	4.65063	0.01671052	0	0
1998.57	4.692254	0.0200133	0	0
1998.654	4.740075	0.02380729	0	0
1998.739	4.795258	0.02818494	0	0
1998.823	4.856934	0.03307729	0	0
1998.907	4.92607	0.03856094	0	0
1998.991	5.002938	0.04465746	0	0
1999.075	5.087707	0.05138032	0	0
1999.159	5.180431	0.0587337	0	0
1999.327	5.38929	0.07529629	0	0
1999.495	5.627189	0.09416064	0	0
1999.663	5.889489	0.114959	0	0
1999.999	6.458653	0.1600872	0	0
2000.001	6.462114	0.1603616	0	0
2000.49	7.27075	0.2244741	0	0
2000.734	7.610206	0.251387	0	0
2000.978	7.886485	0.2732908	0	0
2001.223	8.097205	0.2899967	0	0
2001.467	8.246019	0.3017945	0	0
2001.955	8.405592	0.3144448	0	0
2002.444	8.459751	0.3187378	0	0
2002.932	8.473513	0.3198282	0	0
2003.908	8.475996	0.3200237	0	0
2007.814	8.473024	0.3197829	0	0
2015.626	8.466972	0.3192925	0	0
2031.251	8.454868	0.3183117	0	0
2062.501	8.430658	0.3163501	0	0
2125.001	8.38224	0.3124269	0	0
2250.001	8.285403	0.3045805	0	0
2500	8.091818	0.288894	0	0
3000	7.811971	0.2648897	0	0
3500	7.599265	0.245492	0	0
4000	7.431616	0.2292708	0	0
4500	7.299583	0.2151825	0	0
5000	7.183496	0.2033143	0	0
6000	7.008829	0.182655	0	0
7000	6.878418	0.1667017	0	0
8000	6.778012	0.1532872	0	0
9000	6.701508	0.1419598	0	0
10000	6.633822	0.1325379	0	0
11250	6.571825	0.1224016	0	0
12500	6.516873	0.1139929	0	0
15000	6.439936	0.1003994	0	0
17000	6.396026	0.09197884	0	0
20000	6.349211	0.0820408	0	0
22500	6.324386	0.07555811	0	0
25000	6.30227	0.07019477	0	0
30000	6.277392	0.06205041	0	0
35000	6.264835	0.05616683	0	0
40000	6.259573	0.0517612	0	0
45000	6.260171	0.04846917	0	0
50000	6.260708	0.04570243	0	0
60000	6.269214	0.04179227	0	0
70000	6.279862	0.03944204	0	0
80000	6.291092	0.03754185	0	0
99999.9	6.309172	0.03497328	0	0
100000.1	6.309122	0.03497468	0	0
100049	6.307034	0.03502867	0	0
100097.8	6.307008	0.03502526	0	0
100195.5	6.306957	0.03501844	0	0
100390.8	6.306854	0.0350048	0	0
100781.4	6.306648	0.03497751	0	0
101562.6	6.306236	0.03492293	0	0
103125.1	6.305412	0.03481377	0	0
106250.1	6.303764	0.03459546	0	0
112500.1	6.300467	0.03415883	0	0
125000.1	6.293874	0.03328562	0	0
150000	6.283121	0.0319235	0	0
200000	6.281681	0.03074546	0	0
250000	6.28957	0.03041393	0	0
300000	6.30165	0.03047994	0	0
500000	6.353769	0.03271585	0	0
525000	6.355918	0.03320779	0	0
550000	6.357967	0.03368378	0	0
575000	6.359926	0.03414498	0	0
600000	6.361802	0.03459246	0	0
625000	6.363601	0.03502719	0	0
650000	6.365331	0.03545	0	0
675000	6.366995	0.03586168	0	0
700000	6.368599	0.03626295	0	0
725000	6.3652	0.03685495	0	0
750000	6.361916	0.0374361	0	0
775000	6.358742	0.03800692	0	0
800000	6.355669	0.03856793	0	0
825000	6.348629	0.03923644	0	0
850000	6.341805	0.03989609	0	0
875000	6.335186	0.04054723	0	0
900000	6.328759	0.04119023	0	0
925000	6.318226	0.04192482	0	0
950000	6.307991	0.04265243	0	0
975000	6.298037	0.04337328	0	0
1000000	6.288348	0.04408765	0	0
1060030	6.248511	0.04615521	0	0
1120060	6.211099	0.04819792	0	0
1240120	6.142464	0.05221007	0	0
1240130	6.142418	0.05220735	0	0
1240135	6.14239	0.05220568	0	0
1240140	6.14236	0.05220382	0	0
1240150	6.142293	0.05219968	0	0
1240159	6.142229	0.05219561	0	0
1240179	6.142079	0.05218604	0	0
1240198	6.141934	0.05217677	0	0
1240275	6.141346	0.05213913	0	0
1240429	6.14017	0.05206386	0	0
1240738	6.13781	0.05191281	0	0
1241355	6.133097	0.05161121	0	0
1242590	6.123665	0.05100752	0	0
1245060	6.1048	0.04980015	0	0
1250000	6.067117	0.04738954	0	0
1265625	6.026341	0.04671853	0	0
1281250	5.985614	0.04605169	0	0
1312500	5.907174	0.04478631	0	0
1375000	5.758643	0.04244101	0	0
1437500	5.620206	0.04031482	0	0
1500000	5.490784	0.0383794	0	0
1750000	5.121479	0.04056597	0	0
1781250	5.074302	0.04103613	0	0
1796875	5.046606	0.04127308	0	0
1812500	5.019414	0.04150911	0	0
1875000	4.914084	0.04244688	0	0
1937500	4.814269	0.04337412	0	0
2000000	4.71952	0.04429137	0	0
2030290	4.675498	0.04490807	0	0
2060580	4.63253	0.0455241	0	0
2074090	4.59398	0.0448259	0	0
2074095	4.59397	0.04482588	0	0
2102308	4.536783	0.0447187	0	0
2130520	4.481059	0.04461321	0	0
2158735	4.426732	0.04450934	0	0
2186950	4.373758	0.04440705	0	0
2215165	4.322084	0.0443063	0	0
2243380	4.271663	0.04420706	0	0
2271595	4.222449	0.04410927	0	0
2299810	4.1744	0.0440129	0	0
2329760	4.11532	0.0401144	0	0
2329763	4.115313	0.04011403	0	0
2340960	4.08978	0.0387517	0	0
2346400	4.078	0.0378485	0	0
2346404	4.077991	0.03784831	0	0
2387250	3.990314	0.0359253	0	0
2428100	3.905954	0.03413001	0	0
2468950	3.824741	0.03245218	0	0
2509800	3.746508	0.03088237	0	0
2550650	3.6711	0.02941203	0	0
2591500	3.598372	0.02803342	0	0
2632350	3.528189	0.02673949	0	0
2673200	3.460424	0.02552386	0	0
2714050	3.394959	0.02438068	0	0
2754900	3.331683	0.02330466	0	0
2795750	3.270492	0.02229093	0	0
2836600	3.211288	0.02133506	0	0
2877450	3.15398	0.02043298	0	0
2918300	3.098481	0.01958096	0	0
2959150	3.04471	0.01877558	0	0
3000000	2.99259	0.0180137	0	0
3028151	2.961686	0.01764357	0	0
3056302	2.931382	0.01728436	0	0
3084453	2.901662	0.01693566	0	0
3112603	2.87251	0.01659708	0	0
3140754	2.843909	0.01626821	0	0
3168904	2.815844	0.01594872	0	0
3197055	2.788301	0.01563824	0	0
3225205	2.761265	0.01533645	0	0
3253356	2.734723	0.01504303	0	0
3281507	2.708661	0.01475768	0	0
3309658	2.683066	0.0144801	0	0
3337808	2.657929	0.01421004	0	0
3365959	2.633234	0.01394722	0	0
3394109	2.608972	0.01369139	0	0
3422260	2.58513	0.01344231	0	0
3450410	2.5617	0.01319974	0	0
3484760	2.529367	0.01291226	0	0
3519109	2.497753	0.01263378	0	0
3553459	2.466836	0.01236391	0	0
3587808	2.436594	0.01210233	0	0
3622158	2.407004	0.01184869	0	0
3656507	2.37805	0.0116027	0	0
3690856	2.349709	0.01136404	0	0
3725205	2.321964	0.01113243	0	0
3759555	2.294796	0.01090759	0	0
3793904	2.268189	0.01068929	0	0
3828254	2.242126	0.01047726	0	0
3862603	2.216592	0.01027128	0	0
3896953	2.19157	0.01007111	0	0
3931302	2.167047	0.009876558	0	0
3965651	2.143008	0.009687405	0	0
4000000	2.11944	0.00950346	0	0
4045300	2.105548	0.009161551	0	0
4090600	2.0919	0.008835547	0	0
4119019	2.082976	0.008638741	0	0
4147438	2.07415	0.008447627	0	0
4175857	2.065422	0.008262003	0	0
4204275	2.05679	0.008081681	0	0
4232694	2.048252	0.007906465	0	0
4261113	2.039805	0.007736182	0	0
4289532	2.031449	0.007570662	0	0
4317950	2.023183	0.007409747	0	0
4346369	2.015004	0.007253269	0	0
4374788	2.006911	0.007101083	0	0
4403207	1.998902	0.006953045	0	0
4431625	1.990977	0.006809021	0	0
4460044	1.983134	0.006668869	0	0
4488463	1.975371	0.006532463	0	0
4516882	1.967687	0.006399682	0	0
4545300	1.960081	0.006270413	0	0
4573719	1.952551	0.006144531	0	0
4602138	1.945097	0.006021933	0	0
4630557	1.937716	0.005902513	0	0
4658975	1.930409	0.005786175	0	0
4687394	1.923174	0.005672813	0	0
4715813	1.916009	0.005562336	0	0
4744232	1.908913	0.005454656	0	0
4772650	1.901886	0.005349689	0	0
4801069	1.894926	0.005247344	0	0
4829488	1.888033	0.005147542	0	0
4857907	1.881205	0.005050208	0	0
4886325	1.874441	0.00495527	0	0
4914744	1.867741	0.004862649	0	0
4943163	1.861103	0.004772278	0	0
4971582	1.854526	0.00468409	0	0
5000000	1.84801	0.004598024	0	0
5015625	1.848891	0.004534066	0	0
5031250	1.84977	0.004471192	0	0
5046875	1.850646	0.004409381	0	0
5062500	1.851521	0.004348612	0	0
5078125	1.852393	0.004288864	0	0
5093750	1.853262	0.004230116	0	0
5109375	1.85413	0.00417235	0	0
5125000	1.854995	0.004115545	0	0
5140625	1.855858	0.004059683	0	0
5156250	1.856718	0.004004746	0	0
5171875	1.857577	0.003950714	0	0
5187500	1.858433	0.003897571	0	0
5203125	1.859287	0.0038453	0	0
5218750	1.860139	0.003793883	0	0
5234375	1.860989	0.003743306	0	0
5250000	1.861837	0.003693549	0	0
5265625	1.862682	0.0036446	0	0
5281250	1.863526	0.00359644	0	0
5296875	1.864367	0.003549057	0	0
5312500	1.865206	0.003502436	0	0
5328125	1.866043	0.00345656	0	0
5343750	1.866878	0.003411418	0	0
5359375	1.867711	0.003366994	0	0
5375000	1.868542	0.003323275	0	0
5390625	1.869371	0.003280249	0	0
5406250	1.870198	0.003237902	0	0
5421875	1.871023	0.003196222	0	0
5437500	1.871845	0.003155196	0	0
5453125	1.872666	0.003114812	0	0
5468750	1.873485	0.003075059	0	0
5484375	1.874302	0.003035924	0	0
5500000	1.875117	0.002997397	0	0
5515625	1.875929	0.002959465	0	0
5531250	1.87674	0.002922119	0	0
5546875	1.877549	0.002885349	0	0
5562500	1.878356	0.002849142	0	0
5578125	1.879162	0.002813489	0	0
5593750	1.879965	0.002778381	0	0
5609375	1.880766	0.002743807	0	0
5625000	1.881566	0.002709758	0	0
5640625	1.882363	0.002676224	0	0
5656250	1.883159	0.002643196	0	0
5671875	1.883953	0.002610666	0	0
5687500	1.884745	0.002578624	0	0
5703125	1.885535	0.002547061	0	0
5718750	1.886323	0.002515971	0	0
5734375	1.88711	0.002485343	0	0
5750000	1.887894	0.00245517	0	0
5765625	1.888677	0.002425444	0	0
5781250	1.889458	0.002396157	0	0
5796875	1.890238	0.002367301	0	0
5812500	1.891015	0.00233887	0	0
5828125	1.891791	0.002310856	0	0
5843750	1.892565	0.002283251	0	0
5859375	1.893337	0.002256049	0	0
5875000	1.894108	0.002229242	0	0
5890625	1.894876	0.002202824	0	0
5906250	1.895644	0.002176789	0	0
5921875	1.896409	0.002151129	0	0
5937500	1.897172	0.002125839	0	0
5953125	1.897934	0.002100911	0	0
5968750	1.898695	0.002076341	0	0
5984375	1.899453	0.002052122	0	0
6000000	1.90021	0.002028248	0	0
6015024	1.903365	0.00200126	0	0
6030047	1.906517	0.001974699	0	0
6045070	1.909667	0.001948556	0	0
6060093	1.912813	0.001922822	0	0
6075116	1.915958	0.001897492	0	0
6090139	1.919099	0.001872557	0	0
6105162	1.922238	0.00184801	0	0
6120185	1.925375	0.001823844	0	0
6135209	1.928509	0.001800052	0	0
6150232	1.93164	0.001776628	0	0
6165255	1.934768	0.001753566	0	0
6180278	1.937894	0.001730858	0	0
6195301	1.941018	0.001708499	0	0
6210324	1.944139	0.001686482	0	0
6225347	1.947257	0.001664801	0	0
6240370	1.950373	0.001643451	0	0
6255394	1.953487	0.001622425	0	0
6270417	1.956598	0.001601718	0	0
6285440	1.959706	0.001581324	0	0
6300463	1.962812	0.001561239	0	0
6315486	1.965915	0.001541456	0	0
6330509	1.969016	0.00152197	0	0
6345532	1.972114	0.001502777	0	0
6360555	1.97521	0.00148387	0	0
6375579	1.978304	0.001465245	0	0
6390602	1.981395	0.001446898	0	0
6405625	1.984484	0.001428823	0	0
6420648	1.98757	0.001411017	0	0
6435671	1.990653	0.001393474	0	0
6450694	1.993735	0.001376189	0	0
6465717	1.996814	0.001359159	0	0
6480740	1.99989	0.00134238	0	0
6496967	2.003066	0.001325526	0	0
6513194	2.006238	0.001308925	0	0
6529421	2.009408	0.001292574	0	0
6545648	2.012575	0.001276467	0	0
6561875	2.015739	0.001260601	0	0
6578102	2.018901	0.001244972	0	0
6594329	2.022059	0.001229576	0	0
6610555	2.025215	0.001214409	0	0
6626782	2.028367	0.001199465	0	0
6643009	2.031517	0.001184742	0	0
6659236	2.034664	0.001170235	0	0
6675463	2.037809	0.001155943	0	0
6691690	2.04095	0.00114186	0	0
6707917	2.044089	0.001127984	0	0
6724144	2.047225	0.001114309	0	0
6740370	2.050358	0.001100836	0	0
6756597	2.053488	0.001087557	0	0
6772824	2.056616	0.001074471	0	0
6789051	2.059741	0.001061574	0	0
6805278	2.062863	0.001048864	0	0
6821505	2.065983	0.001036337	0	0
6837732	2.0691	0.00102399	0	0
6853959	2.072214	0.001011822	0	0
6870185	2.075325	1.00E-03	0	0
6886412	2.078434	9.88E-04	0	0
6902639	2.08154	9.76E-04	0	0
6918866	2.084643	9.65E-04	0	0
6935093	2.087744	9.54E-04	0	0
6951320	2.090842	9.42E-04	0	0
6967547	2.093937	9.31E-04	0	0
6983774	2.09703	9.21E-04	0	0
7000000	2.10012	9.10E-04	0	0
7015104	2.103987	9.01E-04	0	0
7030207	2.107852	8.93E-04	0	0
7045311	2.111716	8.84E-04	0	0
7060414	2.115579	8.76E-04	0	0
7075518	2.119441	8.68E-04	0	0
7090621	2.123301	8.60E-04	0	0
7105725	2.127161	8.51E-04	0	0
7120828	2.131019	8.44E-04	0	0
7135932	2.134876	8.36E-04	0	0
7151035	2.138731	8.28E-04	0	0
7166139	2.142586	8.20E-04	0	0
7181242	2.146439	8.13E-04	0	0
7196346	2.150292	8.05E-04	0	0
7211449	2.154142	7.98E-04	0	0
7226552	2.157992	7.90E-04	0	0
7241655	2.161841	7.83E-04	0	0
7256759	2.165688	7.76E-04	0	0
7271862	2.169534	7.69E-04	0	0
7286966	2.173379	7.62E-04	0	0
7302069	2.177223	7.55E-04	0	0
7317173	2.181066	7.48E-04	0	0
7332276	2.184908	7.41E-04	0	0
7347380	2.188748	7.35E-04	0	0
7362483	2.192587	7.28E-04	0	0
7377587	2.196426	7.22E-04	0	0
7392690	2.200262	7.15E-04	0	0
7407794	2.204098	7.09E-04	0	0
7422897	2.207933	7.02E-04	0	0
7438001	2.211767	6.96E-04	0	0
7453104	2.215599	6.90E-04	0	0
7468207	2.21943	6.84E-04	0	0
7483310	2.22326	6.78E-04	0	0
7499187	2.227167	6.73E-04	0	0
7515064	2.231073	6.68E-04	0	0
7530941	2.234978	6.63E-04	0	0
7546818	2.238881	6.58E-04	0	0
7562695	2.242783	6.54E-04	0	0
7578572	2.246683	6.49E-04	0	0
7594449	2.250582	6.44E-04	0	0
7610325	2.25448	6.40E-04	0	0
7626202	2.258376	6.35E-04	0	0
7642079	2.262271	6.31E-04	0	0
7657956	2.266164	6.26E-04	0	0
7673833	2.270056	6.22E-04	0	0
7689710	2.273947	6.17E-04	0	0
7705587	2.277836	6.13E-04	0	0
7721464	2.281724	6.09E-04	0	0
7737340	2.28561	6.04E-04	0	0
7758930	2.29084	6.00E-04	0	0
7773997	2.294454	5.97E-04	0	0
7789064	2.298067	5.94E-04	0	0
7804131	2.301679	5.91E-04	0	0
7819198	2.305289	5.88E-04	0	0
7834265	2.308898	5.85E-04	0	0
7849332	2.312505	5.82E-04	0	0
7864399	2.316112	5.79E-04	0	0
7879465	2.319716	5.76E-04	0	0
7894532	2.32332	5.73E-04	0	0
7909599	2.326923	5.70E-04	0	0
7924666	2.330524	5.67E-04	0	0
7939733	2.334124	5.64E-04	0	0
7954800	2.337722	5.61E-04	0	0
7969867	2.341319	5.58E-04	0	0
7984934	2.344915	5.56E-04	0	0
8000000	2.34851	5.53E-04	0	0
8029884	2.355896	5.53E-04	0	0
8059768	2.363278	5.53E-04	0	0
8089652	2.370656	5.53E-04	0	0
8119535	2.378029	5.53E-04	0	0
8149419	2.385398	5.53E-04	0	0
8179303	2.392763	5.54E-04	0	0
8209187	2.400124	5.54E-04	0	0
8239070	2.40748	5.54E-04	0	0
8269847	2.414949	5.56E-04	0	0
8300623	2.422413	5.58E-04	0	0
8331399	2.429872	5.60E-04	0	0
8362175	2.437327	5.62E-04	0	0
8392952	2.444777	5.63E-04	0	0
8423728	2.452223	5.65E-04	0	0
8454504	2.459664	5.68E-04	0	0
8485280	2.4671	5.70E-04	0	0
8516977	2.474653	5.74E-04	0	0
8548673	2.4822	5.78E-04	0	0
8580369	2.489743	5.82E-04	0	0
8612065	2.49728	5.86E-04	0	0
8643762	2.504813	5.91E-04	0	0
8675458	2.51234	5.96E-04	0	0
8707154	2.519862	6.01E-04	0	0
8738850	2.52738	6.06E-04	0	0
8755172	2.531198	6.09E-04	0	0
8771494	2.535015	6.12E-04	0	0
8787816	2.538831	6.15E-04	0	0
8804138	2.542645	6.18E-04	0	0
8820460	2.546458	6.21E-04	0	0
8836782	2.550269	6.25E-04	0	0
8853104	2.554079	6.28E-04	0	0
8869425	2.557888	6.32E-04	0	0
8885747	2.561695	6.36E-04	0	0
8902069	2.565501	6.40E-04	0	0
8918391	2.569306	6.45E-04	0	0
8934713	2.57311	6.50E-04	0	0
8951035	2.576912	6.55E-04	0	0
8967357	2.580713	6.60E-04	0	0
8983679	2.584512	6.66E-04	0	0
9000000	2.58831	6.72E-04	0	0
9051329	2.605129	6.89E-04	0	0
9102658	2.621962	7.07E-04	0	0
9153987	2.638807	7.25E-04	0	0
9205315	2.655665	7.44E-04	0	0
9256644	2.672537	7.64E-04	0	0
9307973	2.689422	7.85E-04	0	0
9359302	2.70632	8.07E-04	0	0
9410630	2.72323	8.30E-04	0	0
9439692	2.727984	8.43E-04	0	0
9468753	2.732731	8.55E-04	0	0
9497814	2.737472	8.68E-04	0	0
9526875	2.742206	8.81E-04	0	0
9555937	2.746935	8.94E-04	0	0
9584998	2.751657	9.08E-04	0	0
9614059	2.756373	9.22E-04	0	0
9643120	2.761082	9.36E-04	0	0
9672182	2.765786	9.50E-04	0	0
9701243	2.770483	9.65E-04	0	0
9730304	2.775174	9.80E-04	0	0
9759365	2.77986	9.96E-04	0	0
9788427	2.784539	1.01E-03	0	0
9817488	2.789212	1.03E-03	0	0
9846549	2.793879	1.05E-03	0	0
9875610	2.79854	1.06E-03	0	0
9891159	2.796827	1.07E-03	0	0
9906708	2.795118	1.08E-03	0	0
9922257	2.793412	1.09E-03	0	0
9937805	2.79171	1.10E-03	0	0
9953354	2.790012	1.11E-03	0	0
9968903	2.788318	1.12E-03	0	0
9984452	2.786627	1.13E-03	0	0
1.00E+07	2.78494	1.14E-03	0	0
1.00E+07	2.789749	1.15E-03	0	0
1.00E+07	2.794555	1.16E-03	0	0
1.01E+07	2.799359	1.17E-03	0	0
1.01E+07	2.80416	1.18E-03	0	0
1.01E+07	2.805186	1.19E-03	0	0
1.01E+07	2.80621	1.20E-03	0	0
1.01E+07	2.807233	1.20E-03	0	0
1.02E+07	2.808255	1.21E-03	0	0
1.02E+07	2.809275	1.22E-03	0	0
1.02E+07	2.810294	1.23E-03	0	0
1.02E+07	2.811312	1.24E-03	0	0
1.02E+07	2.812328	1.25E-03	0	0
1.02E+07	2.813343	1.26E-03	0	0
1.03E+07	2.814357	1.27E-03	0	0
1.03E+07	2.815369	1.28E-03	0	0
1.03E+07	2.816379	1.29E-03	0	0
1.03E+07	2.817389	1.30E-03	0	0
1.03E+07	2.818398	1.31E-03	0	0
1.03E+07	2.819405	1.32E-03	0	0
1.04E+07	2.82041	1.33E-03	0	0
1.04E+07	2.820947	1.34E-03	0	0
1.04E+07	2.821483	1.35E-03	0	0
1.04E+07	2.822018	1.36E-03	0	0
1.04E+07	2.822551	1.38E-03	0	0
1.05E+07	2.823085	1.39E-03	0	0
1.05E+07	2.823617	1.40E-03	0	0
1.05E+07	2.824148	1.41E-03	0	0
1.05E+07	2.824678	1.42E-03	0	0
1.05E+07	2.825208	1.44E-03	0	0
1.06E+07	2.825737	1.45E-03	0	0
1.06E+07	2.826264	1.46E-03	0	0
1.06E+07	2.826791	1.47E-03	0	0
1.06E+07	2.827317	1.49E-03	0	0
1.06E+07	2.827842	1.50E-03	0	0
1.07E+07	2.828367	1.52E-03	0	0
1.07E+07	2.82889	1.53E-03	0	0
1.07E+07	2.829434	0.001544475	0	0
1.07E+07	2.829976	0.00155943	0	0
1.07E+07	2.830518	0.001574638	0	0
1.08E+07	2.831059	0.001590104	0	0
1.08E+07	2.831599	0.001605832	0	0
1.08E+07	2.832138	0.00162183	0	0
1.08E+07	2.832676	0.001638102	0	0
1.08E+07	2.833214	0.001654654	0	0
1.09E+07	2.83375	0.001671491	0	0
1.09E+07	2.834286	0.001688621	0	0
1.09E+07	2.83482	0.001706049	0	0
1.09E+07	2.835354	0.001723781	0	0
1.09E+07	2.835887	0.001741824	0	0
1.10E+07	2.836419	0.001760184	0	0
1.10E+07	2.83695	0.001778868	0	0
1.10E+07	2.83748	0.001797883	0	0
1.10E+07	2.839319	0.001806649	0	0
1.10E+07	2.841155	0.001815506	0	0
1.10E+07	2.842991	0.001824468	0	0
1.11E+07	2.844825	0.001833524	0	0
1.11E+07	2.84666	0.001842688	0	0
1.11E+07	2.848492	0.001851947	0	0
1.11E+07	2.850325	0.001861317	0	0
1.11E+07	2.852155	0.001870784	0	0
1.11E+07	2.853986	0.001880363	0	0
1.11E+07	2.855814	0.001890043	0	0
1.11E+07	2.857643	0.001899838	0	0
1.12E+07	2.859469	0.001909736	0	0
1.12E+07	2.861296	0.001919752	0	0
1.12E+07	2.86312	0.001929872	0	0
1.12E+07	2.864945	0.001940114	0	0
1.12E+07	2.866768	0.001950462	0	0
1.12E+07	2.868591	0.001960934	0	0
1.12E+07	2.870411	0.001971516	0	0
1.12E+07	2.872232	0.001982225	0	0
1.13E+07	2.874051	0.001993045	0	0
1.13E+07	2.87587	0.002003994	0	0
1.13E+07	2.877687	0.002015059	0	0
1.13E+07	2.879504	0.002026256	0	0
1.13E+07	2.881319	0.002037571	0	0
1.13E+07	2.883135	0.002049021	0	0
1.13E+07	2.884948	0.00206059	0	0
1.14E+07	2.886761	0.002072299	0	0
1.14E+07	2.888572	0.002084131	0	0
1.14E+07	2.890384	0.002096104	0	0
1.14E+07	2.892193	0.002108204	0	0
1.14E+07	2.894003	0.002120448	0	0
1.14E+07	2.89581	0.002132821	0	0
1.14E+07	2.897653	0.002145817	0	0
1.14E+07	2.899495	0.002158964	0	0
1.15E+07	2.901335	0.002172265	0	0
1.15E+07	2.903174	0.002185711	0	0
1.15E+07	2.905013	0.002199325	0	0
1.15E+07	2.906849	0.002213088	0	0
1.15E+07	2.908686	0.002227022	0	0
1.15E+07	2.91052	0.00224111	0	0
1.15E+07	2.912355	0.002255372	0	0
1.16E+07	2.914188	0.002269791	0	0
1.16E+07	2.91602	0.002284388	0	0
1.16E+07	2.917851	0.002299148	0	0
1.16E+07	2.919682	0.00231409	0	0
1.16E+07	2.92151	0.002329197	0	0
1.16E+07	2.923339	0.002344492	0	0
1.16E+07	2.925166	0.002359954	0	0
1.16E+07	2.926993	0.002375609	0	0
1.17E+07	2.928818	0.002391449	0	0
1.17E+07	2.930643	0.002407474	0	0
1.17E+07	2.932466	0.002423676	0	0
1.17E+07	2.934289	0.00244008	0	0
1.17E+07	2.93611	0.002456663	0	0
1.17E+07	2.937931	0.002473454	0	0
1.17E+07	2.939749	0.00249043	0	0
1.18E+07	2.941569	0.002507617	0	0
1.18E+07	2.943385	0.002524995	0	0
1.18E+07	2.945203	0.002542589	0	0
1.18E+07	2.947017	0.002560377	0	0
1.18E+07	2.948833	0.002578387	0	0
1.18E+07	2.950646	0.002596596	0	0
1.18E+07	2.952459	0.002615031	0	0
1.18E+07	2.95427	0.002633672	0	0
1.19E+07	2.958347	0.002657635	0	0
1.19E+07	2.962424	0.002681963	0	0
1.19E+07	2.966499	0.002706658	0	0
1.19E+07	2.970572	0.002731714	0	0
1.19E+07	2.974646	0.002757165	0	0
1.20E+07	2.978719	0.002782999	0	0
1.20E+07	2.982791	0.002809227	0	0
1.20E+07	2.98686	0.002835839	0	0
1.20E+07	2.985556	0.00285388	0	0
1.20E+07	2.984256	0.002872108	0	0
1.20E+07	2.982958	0.002890537	0	0
1.21E+07	2.981662	0.002909169	0	0
1.21E+07	2.980367	0.002928021	0	0
1.21E+07	2.979076	0.002947065	0	0
1.21E+07	2.977786	0.00296632	0	0
1.21E+07	2.976499	0.002985788	0	0
1.21E+07	2.975213	0.003005483	0	0
1.22E+07	2.97393	0.003025382	0	0
1.22E+07	2.972649	0.003045499	0	0
1.22E+07	2.971371	0.003065839	0	0
1.22E+07	2.970094	0.003086414	0	0
1.22E+07	2.968819	0.003107203	0	0
1.22E+07	2.967547	0.00312822	0	0
1.22E+07	2.966277	0.003149468	0	0
1.23E+07	2.965009	0.003170962	0	0
1.23E+07	2.963743	0.00319268	0	0
1.23E+07	2.962479	0.003214635	0	0
1.23E+07	2.961218	0.003236831	0	0
1.23E+07	2.959958	0.003259287	0	0
1.23E+07	2.9587	0.003281973	0	0
1.24E+07	2.957445	0.003304908	0	0
1.24E+07	2.956192	0.003328093	0	0
1.24E+07	2.95494	0.003351549	0	0
1.24E+07	2.953691	0.003375247	0	0
1.24E+07	2.952444	0.003399204	0	0
1.24E+07	2.9512	0.003423423	0	0
1.24E+07	2.949956	0.003447923	0	0
1.25E+07	2.948715	0.003472675	0	0
1.25E+07	2.947477	0.003497699	0	0
1.25E+07	2.94624	0.003522995	0	0
1.25E+07	2.944933	0.003549627	0	0
1.25E+07	2.943628	0.003576562	0	0
1.25E+07	2.942325	0.003603803	0	0
1.26E+07	2.941026	0.003631338	0	0
1.26E+07	2.939728	0.003659203	0	0
1.26E+07	2.938432	0.003687386	0	0
1.26E+07	2.937138	0.003715889	0	0
1.26E+07	2.935847	0.003744697	0	0
1.26E+07	2.934558	0.003773852	0	0
1.26E+07	2.933271	0.003803338	0	0
1.27E+07	2.931986	0.003833158	0	0
1.27E+07	2.930704	0.0038633	0	0
1.27E+07	2.929423	0.003893803	0	0
1.27E+07	2.928145	0.003924651	0	0
1.27E+07	2.926869	0.003955851	0	0
1.27E+07	2.925595	0.003987385	0	0
1.28E+07	2.924323	0.004019297	0	0
1.28E+07	2.923053	0.00405157	0	0
1.28E+07	2.921786	0.004084211	0	0
1.28E+07	2.920521	0.004117202	0	0
1.28E+07	2.919258	0.004150587	0	0
1.28E+07	2.917996	0.004184351	0	0
1.29E+07	2.916737	0.004218499	0	0
1.29E+07	2.915481	0.004253012	0	0
1.29E+07	2.914226	0.004287937	0	0
1.29E+07	2.912973	0.00432326	0	0
1.29E+07	2.911722	0.004358984	0	0
1.29E+07	2.910474	0.004395089	0	0
1.30E+07	2.909227	0.004431626	0	0
1.30E+07	2.907982	0.004468579	0	0
1.30E+07	2.90674	0.004505948	0	0
1.30E+07	2.9055	0.00454372	0	0
1.30E+07	2.905864	0.004573746	0	0
1.30E+07	2.906227	0.004604026	0	0
1.30E+07	2.90659	0.004634599	0	0
1.31E+07	2.906952	0.004665427	0	0
1.31E+07	2.907314	0.004696554	0	0
1.31E+07	2.907676	0.004727942	0	0
1.31E+07	2.908038	0.004759635	0	0
1.31E+07	2.908398	0.004791591	0	0
1.31E+07	2.908759	0.004823859	0	0
1.32E+07	2.909119	0.004856395	0	0
1.32E+07	2.909479	0.004889248	0	0
1.32E+07	2.909838	0.004922376	0	0
1.32E+07	2.910198	0.004955825	0	0
1.32E+07	2.910556	0.004989554	0	0
1.32E+07	2.910915	0.005023588	0	0
1.32E+07	2.911272	0.005057929	0	0
1.33E+07	2.91163	0.005092601	0	0
1.33E+07	2.911987	0.005127565	0	0
1.33E+07	2.912344	0.005162868	0	0
1.33E+07	2.912701	0.005198467	0	0
1.33E+07	2.913057	0.00523441	0	0
1.33E+07	2.913413	0.005270655	0	0
1.34E+07	2.913768	0.005307251	0	0
1.34E+07	2.914123	0.005344153	0	0
1.34E+07	2.914478	0.005381415	0	0
1.34E+07	2.914832	0.005418987	0	0
1.34E+07	2.915186	0.005456925	0	0
1.34E+07	2.915539	0.00549518	0	0
1.34E+07	2.915893	0.005533806	0	0
1.35E+07	2.916246	0.005572757	0	0
1.35E+07	2.916598	0.005612059	0	0
1.35E+07	2.91695	0.005651716	0	0
1.35E+07	2.917306	0.00569328	0	0
1.35E+07	2.917661	0.005735235	0	0
1.35E+07	2.918016	0.005777583	0	0
1.36E+07	2.918371	0.005820302	0	0
1.36E+07	2.918725	0.005863451	0	0
1.36E+07	2.919079	0.005906978	0	0
1.36E+07	2.919432	0.005950941	0	0
1.36E+07	2.919785	0.005995289	0	0
1.36E+07	2.920138	0.006040084	0	0
1.36E+07	2.92049	0.006085271	0	0
1.37E+07	2.920842	0.006130912	0	0
1.37E+07	2.921194	0.006176955	0	0
1.37E+07	2.921545	0.00622346	0	0
1.37E+07	2.921896	0.006270374	0	0
1.37E+07	2.922246	0.00631776	0	0
1.37E+07	2.922597	0.006365562	0	0
1.38E+07	2.922946	0.006413847	0	0
1.38E+07	2.923296	0.006462586	0	0
1.38E+07	2.923645	0.006511788	0	0
1.38E+07	2.923994	0.006561421	0	0
1.38E+07	2.924342	0.006611556	0	0
1.38E+07	2.92469	0.006662133	0	0
1.39E+07	2.925038	0.006713223	0	0
1.39E+07	2.925385	0.006764762	0	0
1.39E+07	2.925732	0.006816824	0	0
1.39E+07	2.926078	0.006869346	0	0
1.39E+07	2.926425	0.0069224	0	0
1.39E+07	2.92677	0.006975926	0	0
1.40E+07	2.927116	0.007029995	0	0
1.40E+07	2.927461	0.007084543	0	0
1.40E+07	2.927806	0.007139648	0	0
1.40E+07	2.92815	0.007195242	0	0
1.40E+07	2.92629	0.007242994	0	0
1.40E+07	2.924435	0.007291101	0	0
1.40E+07	2.922581	0.007339631	0	0
1.41E+07	2.920732	0.007388522	0	0
1.41E+07	2.918885	0.007437846	0	0
1.41E+07	2.917043	0.00748754	0	0
1.41E+07	2.915202	0.007537675	0	0
1.41E+07	2.913366	0.007588188	0	0
1.41E+07	2.911532	7.64E-03	0	0
1.42E+07	2.909702	7.69E-03	0	0
1.42E+07	2.907874	7.74E-03	0	0
1.42E+07	2.906051	7.79E-03	0	0
1.42E+07	2.90423	7.85E-03	0	0
1.42E+07	2.902412	7.90E-03	0	0
1.42E+07	2.900597	7.95E-03	0	0
1.43E+07	2.898786	8.01E-03	0	0
1.43E+07	2.896977	8.06E-03	0	0
1.43E+07	2.895173	8.12E-03	0	0
1.43E+07	2.89337	8.17E-03	0	0
1.43E+07	2.891571	8.23E-03	0	0
1.43E+07	2.889775	8.28E-03	0	0
1.43E+07	2.887982	8.34E-03	0	0
1.44E+07	2.886192	8.40E-03	0	0
1.44E+07	2.884406	8.46E-03	0	0
1.44E+07	2.882621	8.52E-03	0	0
1.44E+07	2.880841	8.57E-03	0	0
1.44E+07	2.879063	8.63E-03	0	0
1.44E+07	2.877289	8.69E-03	0	0
1.45E+07	2.875516	8.75E-03	0	0
1.45E+07	2.873748	8.82E-03	0	0
1.45E+07	2.871982	8.88E-03	0	0
1.45E+07	2.87022	8.94E-03	0	0
1.45E+07	2.868704	9.00E-03	0	0
1.45E+07	2.867192	9.05E-03	0	0
1.45E+07	2.865682	9.11E-03	0	0
1.46E+07	2.864174	9.17E-03	0	0
1.46E+07	2.862668	9.23E-03	0	0
1.46E+07	2.861166	9.28E-03	0	0
1.46E+07	2.859665	9.34E-03	0	0
1.46E+07	2.858167	9.40E-03	0	0
1.46E+07	2.856671	9.46E-03	0	0
1.47E+07	2.855178	9.52E-03	0	0
1.47E+07	2.853686	9.58E-03	0	0
1.47E+07	2.852198	9.65E-03	0	0
1.47E+07	2.850711	9.71E-03	0	0
1.47E+07	2.849227	9.77E-03	0	0
1.47E+07	2.847745	9.83E-03	0	0
1.48E+07	2.846266	9.90E-03	0	0
1.48E+07	2.844789	9.96E-03	0	0
1.48E+07	2.843315	1.00E-02	0	0
1.48E+07	2.841842	1.01E-02	0	0
1.48E+07	2.840372	1.02E-02	0	0
1.48E+07	2.838904	1.02E-02	0	0
1.48E+07	2.837439	1.03E-02	0	0
1.49E+07	2.835975	1.04E-02	0	0
1.49E+07	2.834515	1.04E-02	0	0
1.49E+07	2.833056	1.05E-02	0	0
1.49E+07	2.8316	1.06E-02	0	0
1.49E+07	2.830146	1.06E-02	0	0
1.49E+07	2.828694	1.07E-02	0	0
1.50E+07	2.827244	1.08E-02	0	0
1.50E+07	2.825798	1.08E-02	0	0
1.50E+07	2.824352	1.09E-02	0	0
1.50E+07	2.82291	1.10E-02	0	0
1.50E+07	2.820624	1.10E-02	0	0
1.50E+07	2.818343	1.11E-02	0	0
1.50E+07	2.816065	1.12E-02	0	0
1.51E+07	2.813793	1.12E-02	0	0
1.51E+07	2.811523	1.13E-02	0	0
1.51E+07	2.80926	1.13E-02	0	0
1.51E+07	2.806998	1.14E-02	0	0
1.51E+07	2.804743	1.15E-02	0	0
1.51E+07	2.80249	1.15E-02	0	0
1.52E+07	2.800243	1.16E-02	0	0
1.52E+07	2.797998	1.16E-02	0	0
1.52E+07	2.795759	1.17E-02	0	0
1.52E+07	2.793523	1.18E-02	0	0
1.52E+07	2.791292	1.18E-02	0	0
1.52E+07	2.789064	1.19E-02	0	0
1.53E+07	2.786841	1.20E-02	0	0
1.53E+07	2.784621	1.20E-02	0	0
1.53E+07	2.782406	1.21E-02	0	0
1.53E+07	2.780194	1.21E-02	0	0
1.53E+07	2.777987	1.22E-02	0	0
1.53E+07	2.775783	1.23E-02	0	0
1.53E+07	2.773584	1.23E-02	0	0
1.54E+07	2.771388	1.24E-02	0	0
1.54E+07	2.769198	1.25E-02	0	0
1.54E+07	2.767009	1.25E-02	0	0
1.54E+07	2.764827	1.26E-02	0	0
1.54E+07	2.762646	1.27E-02	0	0
1.54E+07	2.760471	1.28E-02	0	0
1.55E+07	2.758299	1.28E-02	0	0
1.55E+07	2.756132	1.29E-02	0	0
1.55E+07	2.753967	1.30E-02	0	0
1.55E+07	2.751808	1.30E-02	0	0
1.55E+07	2.749651	1.31E-02	0	0
1.55E+07	2.747499	1.32E-02	0	0
1.55E+07	2.74535	1.33E-02	0	0
1.56E+07	2.743206	1.33E-02	0	0
1.56E+07	2.741064	1.34E-02	0	0
1.56E+07	2.738928	1.35E-02	0	0
1.56E+07	2.736794	1.35E-02	0	0
1.56E+07	2.734665	1.36E-02	0	0
1.56E+07	2.732539	1.37E-02	0	0
1.57E+07	2.730418	1.38E-02	0	0
1.57E+07	2.728299	1.38E-02	0	0
1.57E+07	2.726185	1.39E-02	0	0
1.57E+07	2.724074	1.40E-02	0	0
1.57E+07	2.721968	1.41E-02	0	0
1.57E+07	2.719864	1.42E-02	0	0
1.58E+07	2.717765	1.42E-02	0	0
1.58E+07	2.715669	1.43E-02	0	0
1.58E+07	2.713577	1.44E-02	0	0
1.58E+07	2.711488	1.45E-02	0	0
1.58E+07	2.709404	1.46E-02	0	0
1.58E+07	2.707322	1.47E-02	0	0
1.58E+07	2.705246	1.47E-02	0	0
1.59E+07	2.703171	1.48E-02	0	0
1.59E+07	2.701102	1.49E-02	0	0
1.59E+07	2.699035	1.50E-02	0	0
1.59E+07	2.696972	1.51E-02	0	0
1.59E+07	2.694912	1.52E-02	0	0
1.59E+07	2.692857	1.53E-02	0	0
1.60E+07	2.690804	1.53E-02	0	0
1.60E+07	2.688756	1.54E-02	0	0
1.60E+07	2.686711	1.55E-02	0	0
1.60E+07	2.68467	1.56E-02	0	0
1.61E+07	2.675167	1.59E-02	0	0
1.61E+07	2.66573	1.61E-02	0	0
1.62E+07	2.656355	1.64E-02	0	0
1.62E+07	2.647045	1.67E-02	0	0
1.63E+07	2.637795	1.69E-02	0	0
1.63E+07	2.62861	1.72E-02	0	0
1.64E+07	2.619484	1.75E-02	0	0
1.64E+07	2.61042	1.78E-02	0	0
1.65E+07	2.594851	1.83E-02	0	0
1.66E+07	2.57946	1.87E-02	0	0
1.67E+07	2.562538	0.019249858	0	0
1.68E+07	2.545826	0.019781485	0	0
1.69E+07	2.529321	0.020335357	0	0
1.70E+07	2.51302	0.020913136	0	0
1.71E+07	2.495845	0.021504156	0	0
1.72E+07	2.47889	0.022120213	0	0
1.73E+07	2.463635	0.022617853	0	0
1.74E+07	2.448562	0.023133139	0	0
1.75E+07	2.433666	0.02366719	0	0
1.76E+07	2.418943	0.024221179	0	0
1.77E+07	2.40439	0.024796429	0	0
1.78E+07	2.390006	0.02539421	0	0
1.79E+07	2.375787	0.026016065	0	0
1.80E+07	2.36173	0.026663642	0	0
1.81E+07	2.33968	0.027307138	0	0
1.83E+07	2.317985	0.027977689	0	0
1.84E+07	2.296637	0.028677156	0	0
1.85E+07	2.275629	0.029407589	0	0
1.86E+07	2.254953	0.030171173	0	0
1.88E+07	2.2346	0.030970331	0	0
1.89E+07	2.214565	0.031807663	0	0
1.90E+07	2.19484	0.032686033	0	0
1.93E+07	2.155083	0.034031142	0	0
1.95E+07	2.116544	0.035489202	0	0
1.98E+07	2.079173	0.037074459	0	0
2.00E+07	2.04292	0.03880318	0	0
