115.0				
0.0	0.0			
0.0	0.0			
0.0	0.0			
1.00E-05	48.92564	2936.689	0	0
1.06E-05	47.50824	2849.006	0	0
1.13E-05	46.21187	2768.736	0	0
1.19E-05	45.02035	2694.889	0	0
1.25E-05	43.92036	2626.652	0	0
1.38E-05	41.95254	2504.414	0	0
1.50E-05	40.23931	2397.793	0	0
1.63E-05	38.73054	2303.724	0	0
1.75E-05	37.38894	2219.924	0	0
1.88E-05	36.18604	2144.649	0	0
2.00E-05	35.09976	2076.547	0	0
2.19E-05	33.65169	1985.558	0	0
2.38E-05	32.38217	1905.569	0	0
2.56E-05	31.25775	1834.528	0	0
2.75E-05	30.25312	1770.882	0	0
2.94E-05	29.34876	1713.432	0	0
3.13E-05	28.52929	1661.233	0	0
3.31E-05	27.78245	1613.532	0	0
3.50E-05	27.0983	1569.716	0	0
3.88E-05	25.88697	1491.829	0	0
4.25E-05	24.84534	1424.492	0	0
4.63E-05	23.93798	1365.52	0	0
5.00E-05	23.13898	1313.314	0	0
5.31E-05	22.54175	1274.101	0	0
5.63E-05	21.99741	1238.202	0	0
5.94E-05	21.49881	1205.177	0	0
6.25E-05	21.0401	1174.66	0	0
6.88E-05	20.22363	1119.992	0	0
7.50E-05	19.5176	1072.31	0	0
8.13E-05	18.9	1030.24	0	0
8.75E-05	18.35447	992.7625	0	0
9.38E-05	17.86856	959.0982	0	0
1.00E-04	17.43261	928.6413	0	0
1.06E-04	17.039	900.913	0	0
1.13E-04	16.68162	875.5286	0	0
1.19E-04	16.35551	852.1756	0	0
1.25E-04	16.05662	830.5967	0	0
1.38E-04	15.52752	791.9403	0	0
1.50E-04	15.07328	758.2227	0	0
1.63E-04	14.67873	728.4744	0	0
1.75E-04	14.33261	701.9732	0	0
1.88E-04	14.02638	678.1684	0	0
2.00E-04	13.75343	656.6315	0	0
2.19E-04	13.39532	627.8567	0	0
2.38E-04	13.0872	602.5605	0	0
2.56E-04	12.81925	580.094	0	0
2.75E-04	12.58407	559.9662	0	0
2.94E-04	12.37601	541.7977	0	0
3.13E-04	12.19064	525.2897	0	0
3.31E-04	12.02446	510.204	0	0
3.50E-04	11.87464	496.3473	0	0
3.88E-04	11.6154	471.7149	0	0
4.25E-04	11.39898	450.419	0	0
4.63E-04	11.21569	431.7686	0	0
5.00E-04	11.05855	415.2577	0	0
5.31E-04	10.94379	402.8559	0	0
5.63E-04	10.8413	391.5025	0	0
5.94E-04	10.74922	381.0575	0	0
6.25E-04	10.66605	371.4059	0	0
6.88E-04	10.52183	354.1161	0	0
7.50E-04	10.40113	339.035	0	0
8.13E-04	10.29869	325.7293	0	0
8.75E-04	10.21069	313.8757	0	0
9.38E-04	10.1343	303.2281	0	0
0.001	10.06737	293.5948	0	0
0.0010625	10.00827	284.8245	0	0
0.001125	9.955698	276.7954	0	0
0.0011875	9.908636	269.4088	0	0
0.00125	9.866262	262.5832	0	0
0.001375	9.793037	250.3556	0	0
0.0015	9.731987	239.69	0	0
0.001625	9.680311	230.2797	0	0
0.00175	9.636003	221.8963	0	0
0.001875	9.59759	214.3657	0	0
0.002	9.563969	207.5525	0	0
0.0021875	9.520725	198.4492	0	0
0.002375	9.48429	190.4461	0	0
0.0025625	9.453171	183.3381	0	0
0.00275	9.426279	176.9697	0	0
0.0029375	9.402805	171.221	0	0
0.003125	9.382135	165.9974	0	0
0.0033125	9.363791	161.2237	0	0
0.0035	9.347401	156.8385	0	0
0.003875	9.319345	149.0425	0	0
0.00425	9.2962	142.3017	0	0
0.004625	9.27677	136.3975	0	0
0.005	9.260221	131.1703	0	0
0.0053125	9.248189	127.2437	0	0
0.005625	9.237473	123.6489	0	0
0.0059375	9.227865	120.3415	0	0
0.00625	9.219199	117.2851	0	0
0.006875	9.204178	111.809	0	0
0.0075	9.191596	107.0313	0	0
0.008125	9.180891	102.8149	0	0
0.00875	9.171661	99.05813	0	0
0.009375	9.16361	95.6833	0	0
0.01	9.156518	92.63012	0	0
0.010625	9.150216	89.85072	0	0
0.01125	9.144571	87.30651	0	0
0.011875	9.13948	84.96593	0	0
0.0125	9.13486	82.80294	0	0
0.01375	9.126775	78.92666	0	0
0.015	9.119911	75.54296	0	0
0.01625	9.113985	72.55521	0	0
0.0175	9.108797	69.89202	0	0
0.01875	9.1042	67.49894	0	0
0.02	9.100081	65.33342	0	0
0.021325	9.096145	63.24882	0	0
0.02265	9.092576	61.34969	0	0
0.023975	9.089311	59.6101	0	0
0.0253	9.086305	58.009	0	0
0.02684375	9.083076	56.29536	0	0
0.0283875	9.080096	54.7238	0	0
0.02993125	9.077327	53.27565	0	0
0.031475	9.074737	51.93516	0	0
0.0345625	9.070002	49.52621	0	0
0.03765	9.065737	47.41542	0	0
0.0407375	9.061835	45.54631	0	0
0.043825	9.058221	43.8769	0	0
0.0469125	9.054837	42.37429	0	0
0.05	9.051642	41.01244	0	0
0.053125	9.048566	39.75642	0	0
0.05625	9.045624	38.60679	0	0
0.059375	9.042794	37.54989	0	0
0.0625	9.04006	36.57362	0	0
0.06875	9.034828	34.82109	0	0
0.075	9.029846	33.28605	0	0
0.08125	9.02506	31.92882	0	0
0.0875	9.020427	30.71826	0	0
0.09375	9.015919	29.62961	0	0
0.1	9.011513	28.64352	0	0
0.10625	9.007194	27.74473	0	0
0.1125	9.002946	26.92126	0	0
0.11875	8.998761	26.16415	0	0
0.125	8.99463	25.46558	0	0
0.1375	8.986502	24.20928	0	0
0.15	8.978523	23.10612	0	0
0.1625	8.970663	22.13027	0	0
0.175	8.962902	21.25901	0	0
0.1875	8.955227	20.47506	0	0
0.2	8.947627	19.76637	0	0
0.21875	8.936345	18.81565	0	0
0.2375	8.925187	17.97439	0	0
0.25625	8.914139	17.22485	0	0
0.275	8.903189	16.55128	0	0
0.29375	8.892329	15.94145	0	0
0.3125	8.881552	15.38571	0	0
0.33125	8.870853	14.87638	0	0
0.35	8.860229	14.40722	0	0
0.36875	8.849676	13.97338	0	0
0.3875	8.839195	13.57269	0	0
0.425	8.818423	12.84704	0	0
0.5	8.777605	11.63755	0	0
0.5625	8.744286	10.81399	0	0
0.625	8.711553	10.1098	0	0
0.75	8.647774	8.965817	0	0
0.875	8.58615	8.070119	0	0
1	8.526526	7.342253	0	0
1.125	8.468764	6.733241	0	0
1.25	8.412802	6.21574	0	0
1.5	8.305935	5.378899	0	0
1.75	8.205377	4.728731	0	0
2	8.1105	4.205436	0	0
2.1875	8.042749	3.873787	0	0
2.375	7.977884	3.585484	0	0
2.75	7.85572	3.104509	0	0
3.125	7.742714	2.719069	0	0
3.5	7.637954	2.404348	0	0
3.875	7.540581	2.142962	0	0
4.25	7.449843	1.922861	0	0
4.625	7.365093	1.735392	0	0
5	7.285837	1.574469	0	0
5.625	7.164401	1.351712	0	0
6.25	7.0546	1.172345	0	0
6.875	6.954918	1.025864	0	0
7.5	6.864024	0.9046227	0	0
8.125	6.780813	0.8031146	0	0
8.75	6.704354	0.7172771	0	0
9.375	6.633862	0.6440532	0	0
10	6.568669	0.581102	0	0
10.625	6.5082	0.5266044	0	0
11.25	6.451961	0.4791278	0	0
11.875	6.399526	0.4375311	0	0
12.5	6.350589	0.4009822	0	0
13.75	6.261674	0.3398144	0	0
15	6.182985	0.2910197	0	0
16.25	6.112913	0.2515937	0	0
17.5	6.050117	0.2193258	0	0
18.75	5.993521	0.1926162	0	0
20	5.942231	0.1702725	0	0
20.9375	5.906817	0.1558432	0	0
21.875	5.873793	0.1431205	0	0
23.75	5.813828	0.12172	0	0
25.625	5.760796	0.1045532	0	0
27.5	5.71359	0.0906174	0	0
29.375	5.671296	0.07916843	0	0
31.25	5.63318	0.06966199	0	0
33.125	5.598648	0.06169295	0	0
35	5.567213	0.05495513	0	0
36.875	5.538474	0.04921384	0	0
38.75	5.512092	0.04428694	0	0
40.625	5.487787	0.04003149	0	0
42.5	5.465319	0.03633407	0	0
44.375	5.444484	0.03310388	0	0
46.25	5.425107	0.03026761	0	0
48.125	5.407038	0.02776548	0	0
50	5.390155	0.0255508	0	0
53.125	5.36432	0.02238467	0	0
56.25	5.340986	0.01975026	0	0
59.375	5.319806	0.01753991	0	0
62.5	5.300482	0.01566978	0	0
65.625	5.282773	0.01407547	0	0
68.75	5.266474	0.01270688	0	0
71.875	5.251416	0.01152464	0	0
75	5.237452	0.01049746	0	0
78.125	5.224461	0.009600262	0	0
81.25	5.212343	0.00881373	0	0
87.5	5.190343	0.007505428	0	0
93.75	5.170847	0.006471331	0	0
100	5.153406	0.005643475	0	0
106.25	5.137663	0.004972887	0	0
112.5	5.123334	0.004424246	0	0
118.75	5.110188	0.003971629	0	0
125	5.09804	0.003595713	0	0
131.25	5.086733	0.003281918	0	0
137.5	5.076137	0.003019117	0	0
143.75	5.066138	0.002798762	0	0
150	5.056642	0.002614256	0	0
156.25	5.04756	0.002460512	0	0
162.5	5.038818	0.002333838	0	0
175	5.022059	0.002150196	0	0
184.375	5.009877	0.002074088	0	0
193.75	4.997722	0.002029534	0	0
200	4.989539	0.00203126	0	0
206.5201	4.980804	0.002059432	0	0
213.0401	4.971749	0.002118597	0	0
219.5601	4.962227	0.00221559	0	0
226.0801	4.952045	0.002361825	0	0
229.3401	4.946701	0.002453348	0	0
232.6001	4.940936	0.002575512	0	0
235.8601	4.934948	0.002714472	0	0
239.1201	4.928522	0.00288656	0	0
242.3801	4.921736	0.003087254	0	0
245.6401	4.9143	0.003341237	0	0
248.9001	4.906169	0.003655728	0	0
252.1601	4.897156	0.004051921	0	0
254.6957	4.889373	0.004436424	0	0
257.2313	4.880752	0.004909951	0	0
259.7669	4.871122	0.005498113	0	0
261.0347	4.866025	0.005825484	0	0
262.3024	4.860458	0.006211335	0	0
264.838	4.848059	0.007150892	0	0
266.1058	4.841123	0.007724679	0	0
267.3735	4.833606	0.008385671	0	0
268.6413	4.825422	0.009151906	0	0
269.9091	4.816461	0.01004692	0	0
271.1769	4.806583	0.01110242	0	0
272.4446	4.79561	0.0123614	0	0
273.6219	4.784229	0.01376567	0	0
274.7991	4.771478	0.01545969	0	0
275.9763	4.757338	0.01746469	0	0
277.1535	4.741051	0.01998403	0	0
278.3308	4.722305	0.02314254	0	0
278.9194	4.71182	0.02503119	0	0
279.508	4.700462	0.02717657	0	0
280.0966	4.688113	0.02962743	0	0
280.6852	4.674632	0.03244453	0	0
281.2738	4.659848	0.03570483	0	0
281.8624	4.643554	0.03950718	0	0
282.4963	4.624023	0.04435633	0	0
283.1302	4.602051	0.05019544	0	0
283.7641	4.5772	0.05728181	0	0
284.398	4.548939	0.06595801	0	0
285.0319	4.516089	0.07694912	0	0
285.3489	4.497634	0.08354541	0	0
285.6658	4.477614	0.09104656	0	0
285.9828	4.455803	0.09963227	0	0
286.2997	4.431962	0.1095167	0	0
286.6166	4.405779	0.120981	0	0
286.9335	4.376887	0.1343828	0	0
287.2731	4.342405	0.1514268	0	0
287.6127	4.303614	0.1719902	0	0
287.9523	4.259684	0.1970764	0	0
288.2919	4.209569	0.2280697	0	0
288.6315	4.151749	0.2671277	0	0
288.8013	4.119311	0.2906572	0	0
288.9711	4.084116	0.317538	0	0
289.1409	4.045807	0.3484293	0	0
289.3107	4.003965	0.3841649	0	0
289.4805	3.958085	0.425818	0	0
289.6502	3.907586	0.474754	0	0
289.8314	3.8477	0.5371544	0	0
290.0125	3.780613	0.6129658	0	0
290.1936	3.704913	0.706463	0	0
290.3747	3.61884	0.8238273	0	0
290.4653	3.571198	0.8942533	0	0
290.5558	3.520109	0.9744291	0	0
290.6464	3.465066	1.066572	0	0
290.7369	3.405743	1.173114	0	0
290.8275	3.341508	1.297775	0	0
290.918	3.27196	1.445001	0	0
291.0086	3.196393	1.621829	0	0
291.0991	3.114523	1.83785	0	0
291.1501	3.06551	1.982496	0	0
291.201	3.014613	2.148159	0	0
291.252	2.961863	2.340934	0	0
291.3029	2.907925	2.56745	0	0
291.3539	2.853397	2.838717	0	0
291.4048	2.799825	3.167486	0	0
291.4557	2.749182	3.573052	0	0
291.5066	2.704617	4.080866	0	0
291.5576	2.67068	4.726393	0	0
291.5831	2.659696	5.114076	0	0
291.6085	2.654049	5.552029	0	0
291.634	2.654908	6.051402	0	0
291.6595	2.663714	6.619276	0	0
291.685	2.682088	7.265383	0	0
291.7104	2.711739	7.99747	0	0
291.7359	2.754989	8.833204	0	0
291.7614	2.8141	9.782962	0	0
291.7869	2.891697	10.86096	0	0
291.8123	2.990248	12.07742	0	0
291.8378	3.113698	13.4582	0	0
291.8632	3.264498	15.00957	0	0
291.8887	3.447529	16.76171	0	0
291.9141	3.665264	18.71928	0	0
291.9396	3.923542	20.91648	0	0
291.9651	4.225876	23.36489	0	0
291.9906	4.576666	26.08298	0	0
292.016	4.978649	29.07602	0	0
292.0415	5.439361	32.38393	0	0
292.067	5.961571	36.01007	0	0
292.0925	6.549281	39.96671	0	0
292.1179	7.203422	44.24561	0	0
292.1689	8.736071	53.87409	0	0
292.2198	10.57082	64.8512	0	0
292.2707	12.71408	77.10521	0	0
292.3216	15.15226	90.45071	0	0
292.4122	20.10365	115.9437	0	0
292.5027	25.50706	141.5095	0	0
292.565	29.21528	157.58	0	0
292.6272	32.67037	171.1623	0	0
292.7064	36.38063	183.3832	0	0
292.7488	37.92606	187.0974	0	0
292.7912	39.10294	188.6444	0	0
292.8	39.29781	188.6872	0	0
292.8089	39.47707	188.6326	0	0
292.8363	39.91468	187.849	0	0
292.8637	40.17727	186.1475	0	0
292.9184	40.17715	180.1238	0	0
292.98	39.37332	169.5637	0	0
293.0415	37.81355	155.7834	0	0
293.1456	33.86485	127.8026	0	0
293.2496	29.02022	98.19213	0	0
293.3017	26.51982	84.06333	0	0
293.3537	24.09379	70.95367	0	0
293.4058	21.80002	59.06669	0	0
293.4578	19.69502	48.59199	0	0
293.5099	17.79975	39.53586	0	0
293.5619	16.1338	31.89963	0	0
293.588	15.3826	28.56751	0	0
293.614	14.68934	25.56066	0	0
293.64	14.04928	22.84813	0	0
293.666	13.46024	20.41107	0	0
293.6909	12.94162	18.31727	0	0
293.7157	12.46692	16.44782	0	0
293.7406	12.02977	14.77026	0	0
293.7654	11.63108	13.2811	0	0
293.7903	11.26502	11.95179	0	0
293.8151	10.93192	10.77728	0	0
293.8399	10.62773	9.737046	0	0
293.8647	10.35002	8.817131	0	0
293.8896	10.09547	8.001495	0	0
293.9144	9.863932	7.284689	0	0
293.9393	9.65145	6.649892	0	0
293.9641	9.457811	6.092222	0	0
293.989	9.279668	5.598126	0	0
294.0138	9.116825	5.163494	0	0
294.0634	8.829016	4.438365	0	0
294.1131	8.582958	3.865579	0	0
294.1628	8.370965	3.409358	0	0
294.2125	8.186418	3.041251	0	0
294.2621	8.024406	2.740459	0	0
294.3118	7.8802	2.489927	0	0
294.3615	7.75096	2.278601	0	0
294.4112	7.634196	2.097839	0	0
294.4608	7.528159	1.941553	0	0
294.5507	7.357912	1.705177	0	0
294.6406	7.210442	1.51383	0	0
294.7305	7.08105	1.355493	0	0
294.8204	6.966353	1.22228	0	0
294.9103	6.863825	1.108749	0	0
295.0002	6.771528	1.010975	0	0
295.0901	6.687935	0.9260231	0	0
295.18	6.611826	0.8516541	0	0
295.3598	6.478269	0.7280397	0	0
295.5396	6.364806	0.6299859	0	0
295.7194	6.267165	0.5508038	0	0
295.8992	6.18223	0.4858969	0	0
296.0696	6.111338	0.4345943	0	0
296.2399	6.048259	0.3911774	0	0
296.4103	5.991699	0.3540581	0	0
296.5806	5.940726	0.3220867	0	0
296.751	5.894461	0.2942878	0	0
296.9213	5.852292	0.269963	0	0
297.2619	5.778147	0.2295511	0	0
297.6026	5.715076	0.1975883	0	0
297.9432	5.660829	0.1719138	0	0
298.2839	5.613642	0.1509695	0	0
298.6245	5.572233	0.1336671	0	0
298.9463	5.537495	0.1199374	0	0
299.268	5.50635	0.1082425	0	0
299.5898	5.478261	0.09819985	0	0
299.9115	5.452854	0.08953811	0	0
300.2333	5.42976	0.0820196	0	0
300.555	5.408599	0.07541593	0	0
301.1984	5.371038	0.0643506	0	0
301.8419	5.338851	0.05556751	0	0
302.4854	5.310981	0.04849518	0	0
303.1289	5.286597	0.04271662	0	0
303.7723	5.26507	0.03793519	0	0
304.378	5.246977	0.03414962	0	0
304.9836	5.230663	0.0309202	0	0
305.5892	5.215868	0.02814279	0	0
306.1948	5.202379	0.02573698	0	0
306.8005	5.190028	0.02364029	0	0
307.4061	5.178742	0.02181953	0	0
308.6173	5.158584	0.01877452	0	0
309.8286	5.141064	0.01634147	0	0
311.0398	5.125733	0.01438315	0	0
312.251	5.112172	0.01278417	0	0
313.4622	5.100063	0.01146233	0	0
314.7492	5.088511	0.01029467	0	0
316.0361	5.078091	0.009319591	0	0
317.3231	5.068618	0.008497383	0	0
318.61	5.059945	0.007798329	0	0
319.897	5.052033	0.00721016	0	0
321.1839	5.044691	0.006701983	0	0
322.4709	5.037735	0.006245273	0	0
323.7578	5.031286	0.005855468	0	0
326.3317	5.019442	0.005207242	0	0
328.9056	5.008806	0.004703122	0	0
331.4795	4.999112	0.00430647	0	0
334.0533	4.990162	0.003991806	0	0
336.7786	4.981328	0.003728167	0	0
339.5039	4.973011	0.003520788	0	0
344.9545	4.957537	0.003237931	0	0
350.4051	4.942914	0.003067813	0	0
355.8557	4.928781	0.002992919	0	0
361.912	4.913153	0.003003376	0	0
367.9682	4.897154	0.003095915	0	0
374.0244	4.880386	0.003269452	0	0
380.0806	4.862385	0.003535319	0	0
386.1368	4.842387	0.003927111	0	0
389.1649	4.831594	0.004170676	0	0
392.193	4.81981	0.004473731	0	0
395.2211	4.807435	0.004813084	0	0
398.2492	4.793764	0.005233315	0	0
401.2773	4.779148	0.005715509	0	0
404.3054	4.762836	0.006313132	0	0
407.0307	4.746549	0.006967536	0	0
409.756	4.728441	0.007762974	0	0
412.4813	4.708132	0.008740903	0	0
415.2066	4.685127	0.009960087	0	0
416.5693	4.672553	0.01067161	0	0
417.9319	4.65875	0.01150692	0	0
419.2946	4.644073	0.01243681	0	0
420.6572	4.628068	0.01351223	0	0
422.0199	4.610939	0.01472046	0	0
423.3825	4.591922	0.01616043	0	0
424.7452	4.570986	0.01785292	0	0
426.1078	4.547794	0.01986173	0	0
427.3948	4.523434	0.02212677	0	0
428.6817	4.496229	0.02484831	0	0
429.9687	4.465597	0.0281612	0	0
431.2556	4.43079	0.03225317	0	0
432.5426	4.390819	0.03739328	0	0
433.8295	4.344773	0.0438764	0	0
434.473	4.318647	0.04786133	0	0
435.1164	4.290129	0.05246204	0	0
435.7599	4.258892	0.05780375	0	0
436.4033	4.22452	0.06405422	0	0
437.0847	4.184113	0.07191282	0	0
437.766	4.13883	0.08139143	0	0
438.4473	4.087687	0.09297499	0	0
439.1286	4.02942	0.1073433	0	0
439.81	3.962384	0.1254687	0	0
440.1507	3.924979	0.1363343	0	0
440.4913	3.884623	0.1486674	0	0
440.832	3.840854	0.1627961	0	0
441.1726	3.793106	0.179154	0	0
441.5133	3.74075	0.1982587	0	0
441.8539	3.683182	0.2207099	0	0
442.2135	3.615857	0.2489538	0	0
442.5731	3.540656	0.2831524	0	0
442.9327	3.456111	0.3251245	0	0
443.2923	3.360385	0.377437	0	0
443.6519	3.251182	0.4437759	0	0
443.8317	3.190649	0.4838202	0	0
444.0115	3.125592	0.5296413	0	0
444.1913	3.055494	0.5824533	0	0
444.3711	2.979756	0.6438299	0	0
444.5509	2.897693	0.7158203	0	0
444.7306	2.808595	0.8010634	0	0
444.9199	2.706171	0.9091971	0	0
445.1091	2.594019	1.041781	0	0
445.2984	2.471024	1.207279	0	0
445.393	2.405258	1.305967	0	0
445.4876	2.336559	1.418017	0	0
445.5823	2.264894	1.546316	0	0
445.6769	2.190605	1.694192	0	0
445.7715	2.114091	1.866645	0	0
445.8661	2.036331	2.070504	0	0
445.9608	1.959171	2.315995	0	0
446.0554	1.886448	2.617652	0	0
446.15	1.824933	2.999144	0	0
446.1973	1.801962	3.230713	0	0
446.2446	1.787104	3.497671	0	0
446.292	1.783455	3.808889	0	0
446.3393	1.795089	4.173336	0	0
446.3866	1.827239	4.604461	0	0
446.4339	1.886653	5.118221	0	0
446.4812	1.981893	5.734283	0	0
446.5285	2.123689	6.476645	0	0
446.5758	2.325319	7.374274	0	0
446.6231	2.602979	8.46169	0	0
446.6705	2.977037	9.782527	0	0
446.6942	3.207122	10.54421	0	0
446.7178	3.468978	11.37824	0	0
446.7415	3.768297	12.2986	0	0
446.7651	4.106242	13.30475	0	0
446.7888	4.489623	14.41288	0	0
446.8124	4.919351	15.6216	0	0
446.8361	5.403454	16.94944	0	0
446.8597	5.942404	18.39373	0	0
446.8834	6.545531	19.97547	0	0
446.907	7.212629	21.6902	0	0
446.9543	8.769614	25.58229	0	0
447.0016	10.65419	30.14085	0	0
447.0466	12.78826	35.15781	0	0
447.0915	15.28272	40.87675	0	0
447.1365	18.17827	47.36477	0	0
447.1814	21.48612	54.621	0	0
447.2264	25.2376	62.68832	0	0
447.2713	29.42295	71.52012	0	0
447.3163	34.05599	81.12012	0	0
447.3612	39.0978	91.38249	0	0
447.4653	52.18399	117.234	0	0
447.5694	66.56458	144.4283	0	0
447.6688	80.42679	169.3446	0	0
447.7681	93.11161	190.6449	0	0
447.8722	103.7228	206.4627	0	0
447.9361	108.3113	211.9195	0	0
448	111.1661	213.7529	0	0
448.0113	111.48	213.6894	0	0
448.0449	112.0668	212.8119	0	0
448.0784	112.1338	210.9232	0	0
448.1455	110.7376	204.225	0	0
448.2287	106.3579	191.0723	0	0
448.3119	99.48963	173.6458	0	0
448.4451	84.95137	140.4458	0	0
448.5782	68.65934	105.9876	0	0
448.6392	61.34073	91.15514	0	0
448.7002	54.39532	77.41103	0	0
448.7612	47.96284	64.97154	0	0
448.8222	42.13469	53.9553	0	0
448.8832	36.95766	44.39477	0	0
448.9442	32.44023	36.25187	0	0
449.0052	28.56044	29.43559	0	0
449.0357	26.84652	26.48635	0	0
449.0661	25.27911	23.8278	0	0
449.0967	23.83575	21.4163	0	0
449.1272	22.52312	19.25769	0	0
449.1577	21.32794	17.32456	0	0
449.1882	20.24174	15.59811	0	0
449.2187	19.25615	14.06005	0	0
449.2492	18.36293	12.6928	0	0
449.2797	17.55414	11.47968	0	0
449.3102	16.82217	10.40497	0	0
449.3407	16.15984	9.454035	0	0
449.3712	15.56038	8.613318	0	0
449.4017	15.01751	7.870384	0	0
449.4322	14.52543	7.213897	0	0
449.4627	14.07882	6.633598	0	0
449.4932	13.67281	6.120252	0	0
449.5542	12.96546	5.2623	0	0
449.6152	12.37324	4.584493	0	0
449.6762	11.87207	4.043654	0	0
449.7372	11.44301	3.606762	0	0
449.7982	11.07132	3.248905	0	0
449.8592	10.74563	2.951468	0	0
449.9202	10.45719	2.700637	0	0
449.9812	10.19928	2.486184	0	0
450.0422	9.966711	2.300528	0	0
450.1532	9.595928	2.019058	0	0
450.2641	9.278836	1.791844	0	0
450.375	9.003265	1.60408	0	0
450.4859	8.760941	1.446268	0	0
450.5968	8.545822	1.311875	0	0
450.7077	8.353352	1.196209	0	0
450.8186	8.179992	1.095771	0	0
450.9295	8.02294	1.007893	0	0
451.1514	7.749046	0.8618826	0	0
451.3732	7.518286	0.7462413	0	0
451.595	7.321036	0.652945	0	0
451.8168	7.15045	0.5765385	0	0
452.0276	7.008388	0.5160396	0	0
452.2383	6.882508	0.4648829	0	0
452.4491	6.770021	0.4211656	0	0
452.6598	6.668887	0.3835	0	0
452.8706	6.577304	0.3507497	0	0
453.0813	6.494012	0.3221041	0	0
453.5027	6.348064	0.274604	0	0
453.9242	6.224372	0.2371348	0	0
454.3456	6.118197	0.2070912	0	0
454.7671	6.025936	0.1826252	0	0
455.1885	5.944977	0.1624489	0	0
455.5878	5.876836	0.1464289	0	0
455.9871	5.815703	0.1328264	0	0
456.3864	5.760591	0.1212124	0	0
456.7857	5.710605	0.1112251	0	0
457.185	5.664823	0.1025241	0	0
457.5843	5.622625	0.09487953	0	0
458.3828	5.547527	0.08221972	0	0
459.1814	5.482571	0.0722954	0	0
459.98	5.425585	0.06440653	0	0
460.7786	5.374945	0.05806451	0	0
461.5771	5.329421	0.05292328	0	0
462.5532	5.279341	0.04790811	0	0
463.5292	5.234251	0.04401161	0	0
464.5053	5.193211	0.04102562	0	0
465.4813	5.15476	0.03864033	0	0
466.4574	5.118737	0.03684556	0	0
467.4334	5.084619	0.03556604	0	0
468.4094	5.05184	0.03471468	0	0
469.3854	5.020076	0.03426307	0	0
470.8939	4.972154	0.03432218	0	0
472.4023	4.924601	0.0352826	0	0
473.9107	4.876285	0.03721231	0	0
475.4191	4.826051	0.0402726	0	0
476.9275	4.772634	0.0447484	0	0
477.6817	4.744414	0.04760206	0	0
478.4359	4.714914	0.05096777	0	0
479.1901	4.683659	0.05504452	0	0
479.9443	4.650511	0.05991938	0	0
480.6985	4.615184	0.06576478	0	0
481.4527	4.577332	0.07281993	0	0
482.1626	4.539045	0.08085322	0	0
482.8724	4.49781	0.09060574	0	0
483.5823	4.453209	0.1025793	0	0
484.2921	4.404832	0.1174492	0	0
485.002	4.352337	0.1360839	0	0
485.3569	4.324408	0.1472581	0	0
485.7118	4.295257	0.1600372	0	0
486.0668	4.264872	0.1747245	0	0
486.4217	4.233312	0.1916742	0	0
486.7766	4.200651	0.2113662	0	0
487.1315	4.167043	0.2344218	0	0
487.4421	4.137067	0.2579924	0	0
487.7527	4.106875	0.2854634	0	0
488.0633	4.076929	0.3177447	0	0
488.3738	4.047936	0.3560038	0	0
488.6844	4.020922	0.4018115	0	0
488.9949	3.997498	0.4572377	0	0
489.3055	3.980161	0.5253238	0	0
489.616	3.972924	0.6104151	0	0
489.8601	3.978383	0.6933443	0	0
490.1041	3.998737	0.795064	0	0
490.3481	4.041213	0.9218573	0	0
490.4701	4.074043	0.9973672	0	0
490.5921	4.117073	1.082905	0	0
490.7141	4.172819	1.180385	0	0
490.8361	4.24455	1.29223	0	0
490.9581	4.336597	1.421553	0	0
491.0801	4.454806	1.572434	0	0
491.2021	4.607257	1.750343	0	0
491.3241	4.805457	1.962821	0	0
491.4461	5.066343	2.220603	0	0
491.5681	5.415771	2.539506	0	0
491.6901	5.894591	2.94365	0	0
491.7511	6.201819	3.188757	0	0
491.8121	6.569031	3.47083	0	0
491.8731	7.01125	3.798134	0	0
491.9341	7.547675	4.181079	0	0
491.9951	8.20272	4.63272	0	0
492.0561	9.007187	5.169318	0	0
492.1171	9.999541	5.810925	0	0
492.1781	11.22721	6.581965	0	0
492.2391	12.74778	7.511739	0	0
492.3001	14.62995	8.634774	0	0
492.3611	16.95394	9.990888	0	0
492.4221	19.81122	11.62487	0	0
492.4831	23.30317	13.5856	0	0
492.5441	27.53837	15.92452	0	0
492.6107	33.14236	18.97077	0	0
492.6772	39.89476	22.58647	0	0
492.7438	47.93979	26.83504	0	0
492.8103	57.34585	31.73841	0	0
492.8769	68.18638	37.32034	0	0
492.9434	80.40963	43.53946	0	0
493.0099	93.9322	50.33853	0	0
493.0764	108.5644	57.60711	0	0
493.2317	145.2662	75.43979	0	0
493.387	180.7832	92.03507	0	0
493.454	194.001	97.94798	0	0
493.521	205.1397	102.7219	0	0
493.588	213.713	106.134	0	0
493.655	219.3411	108.0199	0	0
493.7	221.34	108.3802	0	0
493.769	221.536	107.4976	0	0
493.8379	218.3045	104.9313	0	0
493.9068	211.8525	100.8142	0	0
493.9757	202.5419	95.35384	0	0
494.0474	190.3429	88.53028	0	0
494.1191	176.2194	80.87568	0	0
494.2625	144.926	64.45638	0	0
494.394	116.2061	49.83815	0	0
494.4598	102.8237	43.15157	0	0
494.5255	90.46242	37.04577	0	0
494.5913	79.23519	31.56257	0	0
494.657	69.24888	26.74073	0	0
494.7228	60.48007	22.55601	0	0
494.7885	52.91054	18.98743	0	0
494.8513	46.7075	16.09963	0	0
494.914	41.42795	13.67361	0	0
494.9768	36.95282	11.64564	0	0
495.0395	33.19177	9.966446	0	0
495.1023	30.03124	8.577634	0	0
495.165	27.38712	7.435259	0	0
495.2278	25.16623	6.492762	0	0
495.2905	23.30173	5.716209	0	0
495.3533	21.72442	5.0719	0	0
495.416	20.38644	4.536093	0	0
495.4788	19.23984	4.086007	0	0
495.5415	18.25274	3.706149	0	0
495.6043	17.39329	3.381791	0	0
495.667	16.64126	3.103286	0	0
495.7298	15.97587	2.86131	0	0
495.7925	15.38463	2.650003	0	0
495.9121	14.41911	2.312889	0	0
496.0316	13.61937	2.04162	0	0
496.1512	12.94388	1.818504	0	0
496.2707	12.36596	1.632278	0	0
496.3903	11.86474	1.474487	0	0
496.5098	11.42644	1.339527	0	0
496.6293	11.03957	1.222905	0	0
496.7488	10.69563	1.12132	0	0
496.8684	10.38765	1.032145	0	0
496.9879	10.11081	0.9535124	0	0
497.2269	9.63314	0.8215052	0	0
497.466	9.235822	0.7155731	0	0
497.705	8.900808	0.6292709	0	0
497.9919	8.562366	0.5451773	0	0
498.2788	8.278153	0.477198	0	0
498.5657	8.036252	0.4214158	0	0
498.8525	7.827841	0.3750065	0	0
499.1394	7.646189	0.3358834	0	0
499.4263	7.486545	0.3025885	0	0
499.7132	7.345263	0.2740306	0	0
500	7.219496	0.2493726	0	0
500.3573	7.080948	0.2230943	0	0
500.7146	6.959186	0.2008136	0	0
501.0719	6.851373	0.1817578	0	0
501.4291	6.755327	0.165343	0	0
501.7864	6.669305	0.151117	0	0
502.1437	6.591914	0.1387243	0	0
502.8582	6.457635	0.1181518	0	0
503.5728	6.344724	0.1017939	0	0
504.2873	6.248873	0.08864779	0	0
505.0019	6.166524	0.07793165	0	0
505.7164	6.095017	0.06908168	0	0
506.3417	6.039722	0.06254077	0	0
506.9669	5.990123	0.05690631	0	0
507.5922	5.945359	0.05201595	0	0
508.2174	5.90476	0.04774486	0	0
509.4679	5.833875	0.04067478	0	0
510.7183	5.774043	0.03510468	0	0
511.9688	5.723281	0.03069188	0	0
513.2192	5.678763	0.02703388	0	0
514.4697	5.639741	0.02400838	0	0
515.7201	5.605278	0.02148199	0	0
517.0599	5.572518	0.01920904	0	0
518.3997	5.543341	0.0172919	0	0
519.7395	5.517167	0.0156592	0	0
521.0792	5.493538	0.01425678	0	0
522.419	5.472079	0.0130426	0	0
523.7588	5.452493	0.01198408	0	0
525.0986	5.434541	0.01105612	0	0
526.4383	5.418315	0.01025943	0	0
529.1179	5.388723	0.008875286	0	0
531.7974	5.363114	0.007767487	0	0
534.4769	5.340695	0.006866677	0	0
537.1564	5.320868	0.006123662	0	0
539.836	5.303176	0.005503016	0	0
542.5155	5.287264	0.00497879	0	0
545.1951	5.27285	0.004531548	0	0
547.8746	5.259711	0.004146642	0	0
550.5542	5.247666	0.003812771	0	0
553.2337	5.236569	0.003521192	0	0
555.9132	5.226301	0.003264978	0	0
558.5927	5.216931	0.003045219	0	0
563.9518	5.199634	0.002661898	0	0
569.3109	5.184409	0.002355211	0	0
574.67	5.170856	0.002106287	0	0
580.029	5.158671	0.001901824	0	0
585.7454	5.146902	0.001721479	0	0
591.4618	5.136177	0.001571676	0	0
597.1782	5.126319	0.001446222	0	0
602.8945	5.117188	0.001340477	0	0
608.6109	5.108672	0.001250907	0	0
614.3272	5.10068	0.001174966	0	0
625.7599	5.085941	0.001055191	0	0
637.1926	5.072462	9.69E-04	0	0
648.6253	5.05987	9.09E-04	0	0
660.058	5.047861	8.70E-04	0	0
671.4907	5.036177	8.49E-04	0	0
682.9234	5.02458	8.46E-04	0	0
694.3562	5.012839	8.59E-04	0	0
705.7889	5.00071	8.91E-04	0	0
717.2216	4.987923	9.44E-04	0	0
728.6543	4.974146	0.001022406	0	0
740.087	4.95898	0.001133385	0	0
745.8034	4.950711	0.001204489	0	0
751.5197	4.941864	0.001288845	0	0
757.2361	4.93234	0.00138888	0	0
762.9524	4.922016	0.001507969	0	0
768.6688	4.910739	0.001650526	0	0
774.3851	4.898319	0.001822395	0	0
779.7442	4.885418	0.002017268	0	0
785.1033	4.871034	0.002254189	0	0
790.4624	4.854848	0.002545347	0	0
795.8215	4.836447	0.002907699	0	0
798.5011	4.826481	0.00311479	0	0
801.1806	4.815571	0.003355106	0	0
803.8602	4.803799	0.003627363	0	0
806.5397	4.791051	0.003937378	0	0
809.2193	4.777189	0.00429247	0	0
811.8988	4.762049	0.00470179	0	0
814.5783	4.745429	0.005177026	0	0
817.2578	4.727088	0.005733191	0	0
820.116	4.705293	0.006437693	0	0
822.9742	4.680762	0.007287527	0	0
825.8324	4.652925	0.008325555	0	0
828.6905	4.621045	0.009611686	0	0
831.5487	4.584291	0.0112208	0	0
832.9778	4.563713	0.01218215	0	0
834.4069	4.541245	0.01328595	0	0
835.836	4.516755	0.01455056	0	0
837.2651	4.489957	0.01600873	0	0
838.6942	4.460504	0.01770217	0	0
840.1232	4.427978	0.0196843	0	0
841.6417	4.389469	0.02218561	0	0
843.1601	4.346144	0.02520384	0	0
844.6785	4.297031	0.02889254	0	0
846.1969	4.240882	0.03346661	0	0
847.7153	4.176093	0.03922995	0	0
848.4745	4.140027	0.04265461	0	0
849.2337	4.101077	0.04653824	0	0
849.9929	4.058488	0.05103104	0	0
850.7521	4.011931	0.05623063	0	0
851.5113	3.960932	0.06227602	0	0
852.2705	3.904835	0.06936036	0	0
853.0744	3.838991	0.07827722	0	0
853.8782	3.765386	0.08904545	0	0
854.6821	3.682563	0.1022216	0	0
855.4859	3.588739	0.1185799	0	0
856.2898	3.481651	0.1392237	0	0
856.6917	3.422342	0.151603	0	0
857.0936	3.358667	0.1656835	0	0
857.4956	3.290059	0.1818343	0	0
857.8975	3.215878	0.2005275	0	0
858.2994	3.135406	0.222349	0	0
858.7013	3.047923	0.248017	0	0
859.1256	2.947069	0.2803341	0	0
859.5499	2.836417	0.3195001	0	0
859.9742	2.714751	0.3676155	0	0
860.3984	2.580837	0.4276338	0	0
860.6106	2.508866	0.4634005	0	0
860.8227	2.433443	0.5038869	0	0
861.0349	2.354418	0.5500234	0	0
861.247	2.271854	0.602895	0	0
861.4592	2.185766	0.6639999	0	0
861.6713	2.096507	0.7351562	0	0
861.8834	2.004596	0.8188487	0	0
862.0955	1.911062	0.9183494	0	0
862.2965	1.822552	1.03125	0	0
862.4975	1.736834	1.167594	0	0
862.6985	1.65842	1.334905	0	0
862.8994	1.595392	1.544391	0	0
862.9999	1.573942	1.670325	0	0
863.1004	1.563003	1.814494	0	0
863.2009	1.567005	1.981328	0	0
863.3013	1.592378	2.176654	0	0
863.4018	1.648678	2.409208	0	0
863.5023	1.749911	2.69047	0	0
863.5526	1.823565	2.854412	0	0
863.6028	1.91666	3.036765	0	0
863.653	2.03337	3.240897	0	0
863.7032	2.178544	3.470405	0	0
863.7563	2.369515	3.745484	0	0
863.8093	2.606493	4.058926	0	0
863.8624	2.900095	4.418785	0	0
863.9154	3.260693	4.831706	0	0
863.9685	3.703173	5.308533	0	0
864.0215	4.241591	5.858127	0	0
864.0745	4.894848	6.493458	0	0
864.1275	5.683722	7.228242	0	0
864.1806	6.633731	8.079554	0	0
864.2336	7.76777	9.061214	0	0
864.2867	9.119557	10.19561	0	0
864.3397	10.71616	11.49858	0	0
864.3928	12.59843	12.99651	0	0
864.4458	14.79625	14.70617	0	0
864.4988	17.35148	16.65317	0	0
864.5518	20.30373	18.86057	0	0
864.6132	24.27248	21.773	0	0
864.6746	28.8872	25.09786	0	0
864.736	34.20329	28.86384	0	0
864.7974	40.2686	33.09356	0	0
864.8588	47.11998	37.80141	0	0
864.9202	54.77975	42.99139	0	0
864.9816	63.25207	48.65498	0	0
865.0429	72.50381	54.75891	0	0
865.1434	89.26606	65.62919	0	0
865.2439	107.6949	77.32567	0	0
865.4449	147.1824	101.5098	0	0
865.5677	170.7603	115.2845	0	0
865.6905	191.7904	126.9456	0	0
865.8166	208.892	135.6161	0	0
865.9426	219.8688	140.0659	0	0
866	222.5461	140.5515	0	0
866.0192	223.1013	140.4931	0	0
866.0735	223.7373	139.7303	0	0
866.1277	222.9994	138.1025	0	0
866.2361	217.5454	132.396	0	0
866.3766	203.4112	120.8101	0	0
866.517	183.1556	105.839	0	0
866.7649	140.0096	76.19112	0	0
866.8889	118.2953	61.96117	0	0
867.0128	98.21658	49.14509	0	0
867.1203	82.7141	39.48049	0	0
867.174	75.7329	35.19993	0	0
867.2277	69.27975	31.28707	0	0
867.2814	63.3553	27.73565	0	0
867.3351	57.95066	24.53392	0	0
867.3888	53.04912	21.66571	0	0
867.4425	48.62772	19.11149	0	0
867.4963	44.65184	16.84547	0	0
867.55	41.10532	14.85278	0	0
867.6037	37.94755	13.10506	0	0
867.6574	35.14487	11.57846	0	0
867.7111	32.66375	10.24974	0	0
867.7648	30.47151	9.096693	0	0
867.8185	28.53693	8.098438	0	0
867.8722	26.83071	7.235656	0	0
867.9177	25.54349	6.597486	0	0
867.9631	24.38787	6.035276	0	0
868.0086	23.3448	5.537689	0	0
868.054	22.40618	5.098939	0	0
868.1449	20.78866	4.365985	0	0
868.2358	19.45661	3.788208	0	0
868.3267	18.34756	3.328137	0	0
868.4176	17.41278	2.957182	0	0
868.5085	16.61477	2.65384	0	0
868.5994	15.92492	2.402116	0	0
868.6903	15.32151	2.190182	0	0
868.7812	14.78805	2.00931	0	0
868.8721	14.31198	1.853046	0	0
868.963	13.88364	1.716578	0	0
869.1448	13.14177	1.48941	0	0
869.3265	12.51958	1.307864	0	0
869.5083	11.98816	1.159377	0	0
869.6901	11.52843	1.035934	0	0
869.8719	11.12633	0.931912	0	0
870.0537	10.77143	0.8432641	0	0
870.2355	10.45572	0.7669969	0	0
870.4173	10.17299	0.7008429	0	0
870.5991	9.918311	0.6430507	0	0
870.7809	9.6877	0.5922442	0	0
871.1445	9.286255	0.5074095	0	0
871.5081	8.948757	0.4398206	0	0
871.8717	8.66119	0.3850805	0	0
872.2352	8.413414	0.3401313	0	0
872.5823	8.206757	0.3042829	0	0
872.9294	8.024	0.2738663	0	0
873.2765	7.861066	0.2477927	0	0
873.6235	7.714896	0.2252621	0	0
873.9706	7.583011	0.2056556	0	0
874.3176	7.463549	0.188508	0	0
874.6647	7.35481	0.1734214	0	0
875.0117	7.255482	0.1600867	0	0
875.7058	7.080484	0.1376609	0	0
876.3999	6.931265	0.1196506	0	0
877.094	6.802529	0.1049652	0	0
877.7881	6.690375	0.09283743	0	0
878.4492	6.596414	0.08317471	0	0
879.1103	6.51299	0.07499162	0	0
879.7714	6.437971	0.06794144	0	0
880.4324	6.370042	0.06180808	0	0
881.0935	6.308411	0.05646088	0	0
881.7546	6.252308	0.05177922	0	0
883.0767	6.153967	0.04400942	0	0
884.3989	6.070583	0.03786687	0	0
885.721	5.99899	0.0329273	0	0
887.0431	5.936845	0.02889537	0	0
888.3652	5.882391	0.02556154	0	0
889.8196	5.829773	0.02251994	0	0
891.2739	5.783602	0.02000184	0	0
892.7283	5.743013	0.01791322	0	0
894.1826	5.70614	0.0160955	0	0
895.637	5.673047	0.01454414	0	0
897.0913	5.643274	0.01322017	0	0
897.4549	5.636215	0.01298409	0	0
897.6367	5.632766	0.01301028	0	0
897.8185	5.629414	0.01337686	0	0
897.9094	5.627794	0.0138328	0	0
898.0003	5.626231	0.01461092	0	0
898.0912	5.624748	0.01587868	0	0
898.1367	5.624045	0.01676834	0	0
898.1821	5.623376	0.01787413	0	0
898.2276	5.622745	0.01924517	0	0
898.273	5.62216	0.02092673	0	0
898.3185	5.621628	0.0229855	0	0
898.3639	5.62116	0.02548015	0	0
898.4094	5.620764	0.02849882	0	0
898.4548	5.620454	0.03211507	0	0
898.5002	5.620242	0.03643189	0	0
898.5456	5.620142	0.04155699	0	0
898.5911	5.620171	0.04762339	0	0
898.6365	5.620346	0.05473417	0	0
898.682	5.620688	0.06306149	0	0
898.7274	5.621215	0.07271932	0	0
898.7729	5.621952	0.08391053	0	0
898.8183	5.622918	0.09675392	0	0
898.8638	5.624142	0.1114811	0	0
898.9092	5.625643	0.1282066	0	0
898.9547	5.627452	0.1471859	0	0
899.0001	5.629587	0.1685168	0	0
899.0456	5.632082	0.1924716	0	0
899.091	5.634949	0.2191157	0	0
899.1365	5.638224	0.2487279	0	0
899.1819	5.641913	0.2813245	0	0
899.2274	5.64605	0.3171781	0	0
899.2728	5.650632	0.356238	0	0
899.3637	5.661216	0.444602	0	0
899.4546	5.673708	0.546697	0	0
899.5455	5.688079	0.6622423	0	0
899.6364	5.704215	0.7903344	0	0
899.8182	5.740889	1.07739	0	0
899.9999	5.781189	1.388736	0	0
900.0001	5.781234	1.389083	0	0
900.0978	5.803266	1.55808	0	0
900.1955	5.824859	1.723056	0	0
900.3908	5.864761	2.026528	0	0
900.5861	5.897918	2.277487	0	0
900.7814	5.922948	2.466246	0	0
900.9767	5.94012	2.595353	0	0
901.172	5.950827	2.675619	0	0
901.5626	5.960007	2.744095	0	0
903.1251	5.962231	2.759331	0	0
906.2501	5.961717	2.752681	0	0
912.5001	5.960689	2.73938	0	0
925.0001	5.958632	2.712778	0	0
950.0001	5.954518	2.659575	0	0
1000	5.946296	2.553316	0	0
1125	5.928866	2.357142	0	0
1250	5.91332	2.194526	0	0
1500	5.885827	1.936954	0	0
1700	5.857116	1.786771	0	0
2000	5.820688	1.61006	0	0
2250	5.788723	1.501502	0	0
2500	5.760275	1.41064	0	0
3000	5.715127	1.269579	0	0
3500	5.674832	1.16941	0	0
4000	5.643896	1.090542	0	0
5000	5.598651	0.9754331	0	0
6000	5.56873	0.8943518	0	0
7000	5.549006	0.8335857	0	0
8000	5.538642	0.7834274	0	0
10000	5.531918	0.7074517	0	0
12500	5.538762	0.6393489	0	0
15000	5.559874	0.5831408	0	0
17000	5.576865	0.5494164	0	0
20000	5.607412	0.5055925	0	0
22500	5.636948	0.4731082	0	0
25000	5.663504	0.4458224	0	0
30000	5.715472	0.4023448	0	0
35000	5.763925	0.3682828	0	0
40000	5.80946	0.3400137	0	0
45000	5.851528	0.3168401	0	0
50000	5.889416	0.2974528	0	0
60000	5.956461	0.2671493	0	0
70000	6.013329	0.2443089	0	0
80000	6.061705	0.2265382	0	0
89999.95	6.101836	0.2128792	0	0
99999.9	6.141938	0.2013794	0	0
100000.1	6.142035	0.2013797	0	0
100049	6.146035	0.2013615	0	0
100097.8	6.146041	0.2013261	0	0
100195.5	6.146052	0.2012553	0	0
100390.8	6.146074	0.2011139	0	0
100781.4	6.146118	0.2008309	0	0
101562.6	6.146205	0.2002649	0	0
103125.1	6.14638	0.1991329	0	0
106250.1	6.14673	0.196869001	0	0
112500.1	6.147431	0.192341101	0	0
125000.1	6.148831	0.183285803	0	0
150000	6.15112	0.169703905	0	0
200000	6.16193	0.15637651	0	0
250000	6.17547	0.150322315	0	0
300000	6.18995	0.14783142	0	0
500000	6.237929	0.15319024	0	0
501666	6.238153	0.153284841	0	0
501859.7	6.237655	0.153226241	0	0
502053.4	6.23714	0.153165541	0	0
502440.8	6.23611	0.153044041	0	0
503215.5	6.234051	0.152800941	0	0
504765	6.229931	0.152314941	0	0
507864	6.221692	0.151342842	0	0
514061.9	6.20545	0.149444843	0	0
526457.8	6.173738	0.145799245	0	0
551249.5	6.113115	0.139038649	0	0
576041.3	6.05542	0.132815554	0	0
600833	6.000581	0.127101059	0	0
613228.9	5.974025	0.124394762	0	0
619426.9	5.96123	0.122868563	0	0
620976.4	5.95851	0.122315463	0	0
622525.9	5.955791	0.121762364	0	0
625624.8	5.950352	0.120656164	0	0
638020.7	5.92892	0.116385767	0	0
650416.5	5.908146	0.112422071	0	0
700000	5.828793	0.098207895	0	0
725000	5.801601	0.096008033	0	0
731250	5.795362	0.095578985	0	0
737500	5.789194	0.095156667	0	0
750000	5.777086	0.094333022	0	0
800000	5.73053	0.091209413	0	0
850000	5.68688	0.090079768	0	0
900000	5.646029	0.089027928	0	0
947580	5.603711	0.088923092	0	0
995160	5.563742	0.088819942	0	0
995164.8	5.563733	0.088818782	0	0
995169.5	5.563723	0.088817452	0	0
995174.3	5.563711	0.088815932	0	0
995179	5.5637	0.088814292	0	0
995188.5	5.563674	0.088810622	0	0
995197.9	5.563648	0.088806693	0	0
995235.7	5.563537	0.088790043	0	0
995311.3	5.563315	0.088756483	0	0
995462.5	5.56287	0.088689353	0	0
995765	5.56198	0.088555053	0	0
996370	5.5602	0.088286454	0	0
997580	5.55664	0.087749255	0	0
1000000	5.549532	0.086678297	0	0
1005372	5.541362	0.086490312	0	0
1010743	5.533205	0.086305807	0	0
1021485	5.517065	0.085941086	0	0
1042969	5.485407	0.085227077	0	0
1085938	5.424549	0.083859773	0	0
1171875	5.311512	0.081338318	0	0
1250000	5.217609	0.079262426	0	0
1291340	5.166335	0.079641235	0	0
1291475	5.166106	0.079639245	0	0
1291610	5.165872	0.079637006	0	0
1291879	5.165405	0.079632546	0	0
1292418	5.164471	0.079623608	0	0
1293495	5.162603	0.07960574	0	0
1295650	5.158867	0.079569995	0	0
1299959	5.151395	0.079498516	0	0
1308578	5.13645	0.079355546	0	0
1325815	5.107122	0.079074369	0	0
1360290	5.050077	0.078525724	0	0
1429240	4.941988	0.07747949	0	0
1429310	4.941866	0.07747729	0	0
1429379	4.941743	0.07747492	0	0
1429517	4.941498	0.077470191	0	0
1429793	4.941009	0.077460732	0	0
1430346	4.940027	0.077441774	0	0
1431452	4.938065	0.077403868	0	0
1433663	4.934141	0.077328076	0	0
1438085	4.926294	0.077176483	0	0
1446930	4.910599	0.076873296	0	0
1464620	4.879785	0.076278927	0	0
1500000	4.819821	0.075125143	0	0
1574070	4.704167	0.075300824	0	0
1648140	4.596417	0.075469236	0	0
1648143	4.596413	0.075469236	0	0
1648242	4.596249	0.075469137	0	0
1648341	4.596083	0.075469008	0	0
1648538	4.595752	0.075468729	0	0
1648932	4.595091	0.075468182	0	0
1649721	4.593767	0.075467098	0	0
1651299	4.591118	0.075464921	0	0
1654455	4.585822	0.075460565	0	0
1660766	4.57523	0.075451855	0	0
1673388	4.554304	0.075434578	0	0
1698632	4.513202	0.075400448	0	0
1749120	4.433859	0.075331997	0	0
1749122	4.433855	0.075331827	0	0
1749126	4.433846	0.075331467	0	0
1749129	4.43384	0.075331167	0	0
1749136	4.433824	0.075330397	0	0
1749143	4.433808	0.075329537	0	0
1749150	4.433791	0.075328587	0	0
1749164	4.433757	0.075326528	0	0
1749177	4.433724	0.075324488	0	0
1749205	4.433653	0.075319958	0	0
1749232	4.433584	0.075315568	0	0
1749342	4.433302	0.07529767	0	0
1749561	4.432742	0.075262032	0	0
1749781	4.43218	0.075226244	0	0
1749891	4.431899	0.075208345	0	0
1749946	4.431758	0.075199436	0	0
1750000	4.43163	0.075192287	0	0
1750101	4.431451	0.075189388	0	0
1750201	4.431284	0.075188189	0	0
1750401	4.430949	0.075185781	0	0
1750802	4.430278	0.075180965	0	0
1751603	4.428937	0.075171334	0	0
1753205	4.426256	0.075152062	0	0
1756409	4.420894	0.075113537	0	0
1762818	4.410169	0.075036468	0	0
1775635	4.388979	0.074883785	0	0
1801270	4.34735	0.07458248	0	0
1801276	4.34734	0.07458237	0	0
1801315	4.347276	0.074581561	0	0
1801335	4.347244	0.074581101	0	0
1801354	4.347213	0.074580662	0	0
1801393	4.347149	0.074579752	0	0
1801432	4.347086	0.074578853	0	0
1801587	4.346833	0.074575255	0	0
1801897	4.346327	0.074568069	0	0
1802518	4.345314	0.074553667	0	0
1803760	4.343288	0.074524853	0	0
1806244	4.339236	0.074467236	0	0
1811212	4.331132	0.074352002	0	0
1821148	4.314925	0.074121544	0	0
1841020	4.283098	0.073668356	0	0
1841022	4.283095	0.073668306	0	0
1841159	4.282856	0.073664118	0	0
1841296	4.282615	0.07365983	0	0
1841570	4.282134	0.073651264	0	0
1842118	4.281173	0.073634142	0	0
1843213	4.279251	0.073599919	0	0
1845404	4.275406	0.073531442	0	0
1849786	4.267716	0.073394488	0	0
1858550	4.252367	0.073121131	0	0
1867314	4.237224	0.07285151	0	0
1871696	4.229653	0.0727167	0	0
1873887	4.22587	0.072649595	0	0
1874024	4.225639	0.072645898	0	0
1874161	4.225408	0.07264221	0	0
1874435	4.224945	0.072634835	0	0
1874982	4.224022	0.072620114	0	0
1876077	4.222173	0.072590632	0	0
1880459	4.214777	0.072472647	0	0
1884841	4.207381	0.072354671	0	0
1893604	4.192589	0.07211875	0	0
1911131	4.163528	0.071654978	0	0
1946186	4.106702	0.070747559	0	0
1963713	4.078978	0.070331544	0	0
1968095	4.072243	0.070268573	0	0
1972477	4.065508	0.070205603	0	0
1981240	4.052038	0.070079512	0	0
1981242	4.052035	0.070079472	0	0
1981261	4.052004	0.070079023	0	0
1981270	4.051989	0.070078793	0	0
1981279	4.051975	0.070078553	0	0
1981298	4.051943	0.070078023	0	0
1981316	4.051912	0.070077524	0	0
1981389	4.05179	0.070075446	0	0
1981536	4.051542	0.070071269	0	0
1981829	4.051049	0.070062946	0	0
1982415	4.050063	0.0700463	0	0
1983587	4.048091	0.070013008	0	0
1985932	4.044146	0.069946384	0	0
1990621	4.036256	0.069813176	0	0
1991208	4.035262	0.06979597	0	0
1991355	4.035003	0.069790804	0	0
1991501	4.034745	0.069785657	0	0
1991794	4.034228	0.069775345	0	0
1992966	4.032159	0.069734104	0	0
1995311	4.028018	0.069651571	0	0
2000000	4.019742	0.069486747	0	0
2021185	3.985371	0.069109017	0	0
2042370	3.95165	0.068737466	0	0
2042374	3.951644	0.068737426	0	0
2060277	3.923946	0.068574431	0	0
2078180	3.89668	0.068413243	0	0
2078185	3.896672	0.068413133	0	0
2090343	3.877291	0.068154361	0	0
2102500	3.85812	0.067898082	0	0
2115281	3.836691	0.067549796	0	0
2128061	3.81551	0.067205414	0	0
2140842	3.794571	0.066864816	0	0
2153622	3.773871	0.066527981	0	0
2166403	3.753404	0.066194811	0	0
2179183	3.73317	0.065865285	0	0
2191963	3.713162	0.065539314	0	0
2204743	3.693376	0.065216856	0	0
2217524	3.673808	0.064897814	0	0
2230304	3.654456	0.064582185	0	0
2243084	3.635317	0.064269882	0	0
2255864	3.616385	0.063960873	0	0
2268645	3.597657	0.063655058	0	0
2281425	3.579131	0.063352439	0	0
2294205	3.560803	0.063052955	0	0
2306985	3.542671	0.062756546	0	0
2319766	3.524728	0.062463143	0	0
2332546	3.506976	0.062172744	0	0
2345327	3.489408	0.061885261	0	0
2358107	3.472025	0.061600684	0	0
2370888	3.454819	0.061318933	0	0
2383668	3.437793	0.061040017	0	0
2396448	3.42094	0.060763847	0	0
2409228	3.404259	0.060490403	0	0
2422009	3.387746	0.060219616	0	0
2434789	3.3714	0.059951485	0	0
2447569	3.355218	0.05968596	0	0
2460349	3.339198	0.059422992	0	0
2473130	3.323335	0.059162531	0	0
2485910	3.30763	0.058904566	0	0
2498690	3.292079	0.058649069	0	0
2511470	3.27668	0.058395969	0	0
2526737	3.256248	0.058096746	0	0
2542004	3.236065	0.057800864	0	0
2557271	3.216127	0.057508264	0	0
2572537	3.196431	0.057218914	0	0
2587804	3.176969	0.056932716	0	0
2603070	3.157741	0.05664966	0	0
2618337	3.138739	0.056369656	0	0
2633603	3.119963	0.056092684	0	0
2648870	3.101405	0.055818675	0	0
2664136	3.083064	0.055547599	0	0
2679403	3.064934	0.055279387	0	0
2694669	3.047015	0.055014018	0	0
2709936	3.029299	0.054751423	0	0
2725202	3.011786	0.054491583	0	0
2740469	2.99447	0.054234428	0	0
2755735	2.977351	0.053979947	0	0
2771002	2.960421	0.053728063	0	0
2786269	2.943681	0.053478754	0	0
2801536	2.927125	0.053231981	0	0
2816802	2.910753	0.052987715	0	0
2832069	2.894559	0.052745907	0	0
2847335	2.878543	0.052506526	0	0
2862602	2.8627	0.052269523	0	0
2877868	2.847028	0.052034888	0	0
2893135	2.831523	0.051802543	0	0
2908401	2.816184	0.051572507	0	0
2923668	2.801007	0.0513447	0	0
2938934	2.785992	0.051119134	0	0
2954201	2.771133	0.05089573	0	0
2969467	2.75643	0.050674496	0	0
2984734	2.741879	0.050455374	0	0
3000000	2.72748	0.050238355	0	0
3014445	2.715296	0.04970055	0	0
3028890	2.703224	0.049171063	0	0
3043335	2.691262	0.048649726	0	0
3057780	2.67941	0.048136377	0	0
3072225	2.667666	0.047630849	0	0
3086670	2.656027	0.047133	0	0
3101115	2.644494	0.046642671	0	0
3115560	2.633064	0.046159712	0	0
3130005	2.621736	0.045683992	0	0
3144450	2.610508	0.045215354	0	0
3158895	2.59938	0.044753675	0	0
3173340	2.588349	0.044298817	0	0
3187785	2.577415	0.04385065	0	0
3202230	2.566576	0.043409044	0	0
3216675	2.555832	0.042973879	0	0
3231120	2.54518	0.042545025	0	0
3255148	2.52553	0.041845068	0	0
3279175	2.506175	0.04116174	0	0
3303203	2.487107	0.040494492	0	0
3327230	2.468322	0.039842875	0	0
3351258	2.449812	0.039206369	0	0
3375285	2.431572	0.038584564	0	0
3399313	2.413595	0.037976991	0	0
3423340	2.395877	0.03738326	0	0
3447368	2.37841	0.036802921	0	0
3471395	2.361192	0.036235636	0	0
3495423	2.344215	0.035680975	0	0
3519450	2.327476	0.035138617	0	0
3543478	2.310969	0.034608174	0	0
3567505	2.294689	0.034089346	0	0
3591533	2.278632	0.033581764	0	0
3615560	2.262794	0.033085157	0	0
3639588	2.247169	0.032599188	0	0
3663615	2.231754	0.032123586	0	0
3687643	2.216544	0.031658032	0	0
3711670	2.201537	0.031202296	0	0
3735698	2.186726	0.03075608	0	0
3759725	2.172109	0.030319154	0	0
3783753	2.157681	0.029891238	0	0
3807780	2.143441	0.029472134	0	0
3831808	2.129382	0.029061562	0	0
3855835	2.115504	0.028659353	0	0
3879863	2.1018	0.028265228	0	0
3903890	2.08827	0.027879038	0	0
3927918	2.074908	0.027500545	0	0
3951945	2.061714	0.027129568	0	0
3975973	2.048682	0.026765891	0	0
4000000	2.03581	0.026409374	0	0
4015625	2.031845	0.026016558	0	0
4031250	2.027903	0.02563114	0	0
4046875	2.023984	0.025252928	0	0
4062500	2.020088	0.024881773	0	0
4078125	2.016214	0.024517526	0	0
4093750	2.012363	0.024160017	0	0
4109375	2.008533	0.023809107	0	0
4125000	2.004725	0.023464646	0	0
4140625	2.000939	0.023126504	0	0
4156250	1.997174	0.022794532	0	0
4171875	1.99343	0.022468601	0	0
4187500	1.989707	0.022148571	0	0
4203125	1.986005	0.021834334	0	0
4218750	1.982324	0.021525749	0	0
4234375	1.978663	0.021222699	0	0
4250000	1.975022	0.020925074	0	0
4265625	1.971401	0.020632755	0	0
4281250	1.9678	0.020345624	0	0
4296875	1.964219	0.020063582	0	0
4312500	1.960657	0.019786531	0	0
4328125	1.957114	0.019514353	0	0
4343750	1.953591	0.01924695	0	0
4359375	1.950086	0.018984224	0	0
4375000	1.946601	0.018726099	0	0
4390625	1.943134	0.018472456	0	0
4406250	1.939685	0.01822323	0	0
4421875	1.936255	0.017978314	0	0
4437500	1.932843	0.017737642	0	0
4453125	1.929449	0.017501129	0	0
4468750	1.926072	0.01726869	0	0
4484375	1.922714	0.01704025	0	0
4500000	1.919372	0.016815737	0	0
4515625	1.916049	0.016595078	0	0
4531250	1.912742	0.01637821	0	0
4546875	1.909452	0.016165064	0	0
4562500	1.90618	0.015955588	0	0
4578125	1.902924	0.015749705	0	0
4593750	1.899685	0.015547367	0	0
4609375	1.896462	0.015348518	0	0
4625000	1.893255	0.015153125	0	0
4640625	1.890065	0.014961115	0	0
4656250	1.886891	0.014772458	0	0
4671875	1.883733	0.014587118	0	0
4687500	1.880591	0.014405048	0	0
4703125	1.877464	0.014226227	0	0
4718750	1.874353	0.014050636	0	0
4734375	1.871257	0.013878231	0	0
4750000	1.868176	0.013709021	0	0
4765625	1.865111	0.01354298	0	0
4781250	1.862061	0.013380107	0	0
4796875	1.859026	0.013220418	0	0
4812500	1.856005	0.013063904	0	0
4828125	1.852999	0.012910605	0	0
4843750	1.850008	0.012760538	0	0
4859375	1.847031	0.01261375	0	0
4875000	1.844068	0.012470288	0	0
4890625	1.84112	0.01233021	0	0
4906250	1.838186	0.012193609	0	0
4921875	1.835265	0.012060571	0	0
4937500	1.832359	0.011931198	0	0
4953125	1.829466	0.011805631	0	0
4968750	1.826587	0.011684012	0	0
4984375	1.823722	0.011566523	0	0
5000000	1.82087	0.011453366	0	0
5029827	1.82329	0.011142486	0	0
5059654	1.825698	0.010842724	0	0
5089481	1.828095	0.010553654	0	0
5119308	1.830482	0.010274872	0	0
5149135	1.832858	0.01000598	0	0
5178962	1.835223	0.00974661	0	0
5208789	1.837577	0.009496406	0	0
5238615	1.839921	0.009255037	0	0
5268442	1.842255	0.009022164	0	0
5298269	1.844579	0.008797488	0	0
5328096	1.846892	0.008580713	0	0
5357923	1.849195	0.008371559	0	0
5387750	1.851489	0.008169758	0	0
5417577	1.853772	0.007975055	0	0
5447404	1.856046	0.007787203	0	0
5477230	1.85831	0.007605978	0	0
5509904	1.860624	0.00742728	0	0
5542577	1.862927	0.007255222	0	0
5575250	1.865219	0.007089575	0	0
5607923	1.8675	0.006930127	0	0
5640596	1.869771	0.006776675	0	0
5673269	1.872032	0.006629025	0	0
5705942	1.874282	0.006486995	0	0
5738615	1.876522	0.006350411	0	0
5771289	1.878753	0.006219101	0	0
5803962	1.880973	0.006092919	0	0
5836635	1.883183	0.00597171	0	0
5869308	1.885384	0.005855331	0	0
5901981	1.887574	0.005743651	0	0
5934654	1.889756	0.00563654	0	0
5967327	1.891928	0.005533878	0	0
6000000	1.89409	0.005435552	0	0
6030047	1.900542	0.005340172	0	0
6060093	1.906984	0.005247641	0	0
6090139	1.913416	0.00515787	0	0
6120185	1.919837	0.005070776	0	0
6150232	1.926249	0.004986277	0	0
6180278	1.93265	0.004904301	0	0
6210324	1.939042	0.00482477	0	0
6240370	1.945424	0.004747613	0	0
6270417	1.951796	0.00467276	0	0
6300463	1.958158	0.004600147	0	0
6330509	1.96451	0.004529707	0	0
6360555	1.970853	0.004461382	0	0
6390602	1.977187	0.004395106	0	0
6420648	1.983511	0.004330829	0	0
6450694	1.989825	0.00426849	0	0
6480740	1.99613	0.004208038	0	0
6499180	1.99989	0.00417791	0	0
6541580	2.008484	0.004109518	0	0
6583980	2.01706	0.004043758	0	0
6621828	2.02462	0.003987522	0	0
6659675	2.032165	0.003933264	0	0
6697523	2.039695	0.00388092	0	0
6735370	2.04721	0.00383044	0	0
6768449	2.053644	0.003795107	0	0
6801528	2.060067	0.003760837	0	0
6834607	2.066478	0.003727607	0	0
6867685	2.072879	0.003695397	0	0
6900764	2.079268	0.003664182	0	0
6933843	2.085646	0.003633944	0	0
6966922	2.092014	0.003604664	0	0
7000000	2.09837	0.003576322	0	0
7030207	2.106947	0.003554483	0	0
7060414	2.115523	0.003533392	0	0
7090621	2.124096	0.003513038	0	0
7120828	2.132668	0.00349341	0	0
7151035	2.141238	0.003474499	0	0
7181242	2.149806	0.003456293	0	0
7211449	2.158371	0.003438785	0	0
7241655	2.166935	0.003421962	0	0
7271862	2.175497	0.003405817	0	0
7302069	2.184058	0.00339034	0	0
7332276	2.192616	0.003375525	0	0
7362483	2.201173	0.003361361	0	0
7392690	2.209727	0.00334784	0	0
7422897	2.21828	0.003334957	0	0
7453104	2.226831	0.003322702	0	0
7483310	2.23538	0.003311071	0	0
7513418	2.243642	0.00330835	0	0
7543525	2.2519	0.003306029	0	0
7573633	2.260157	0.003304106	0	0
7603740	2.26841	0.003302579	0	0
7617490	2.27215	0.003303028	0	0
7653988	2.280332	0.003305492	0	0
7690485	2.288505	0.003308652	0	0
7726983	2.296668	0.003312506	0	0
7763480	2.304821	0.003317057	0	0
7799978	2.312965	0.00332231	0	0
7836475	2.321099	0.003328265	0	0
7872973	2.329224	0.003334923	0	0
7909470	2.33734	0.00334229	0	0
7932103	2.339907	0.003348082	0	0
7954735	2.342469	0.003354163	0	0
7977368	2.345027	0.003360537	0	0
8000000	2.34758	0.003367204	0	0
8060660	2.364106	0.003382591	0	0
8121320	2.380622	0.003401161	0	0
8181980	2.39713	0.003422943	0	0
8242640	2.413629	0.00344797	0	0
8303300	2.43012	0.003476283	0	0
8363960	2.446602	0.003507925	0	0
8424620	2.463075	0.00354294	0	0
8485280	2.47954	0.003581386	0	0
8528318	2.490866	0.003618603	0	0
8571355	2.502186	0.003657362	0	0
8614393	2.513501	0.003697696	0	0
8657430	2.52481	0.003739631	0	0
8700468	2.536113	0.003783205	0	0
8743505	2.547411	0.003828448	0	0
8786543	2.558703	0.003875395	0	0
8829580	2.56999	0.003924078	0	0
8850883	2.572129	0.003949703	0	0
8872185	2.574265	0.003975787	0	0
8893488	2.576398	0.004002335	0	0
8914790	2.578527	0.004029353	0	0
8936093	2.580652	0.004056847	0	0
8957395	2.582775	0.004084821	0	0
8978698	2.584894	0.00411328	0	0
9000000	2.58701	0.00414223	0	0
9015214	2.59007	0.004163686	0	0
9030427	2.593129	0.004185399	0	0
9045641	2.596186	0.004207373	0	0
9060854	2.599241	0.004229605	0	0
9076068	2.602295	0.004252102	0	0
9091281	2.605347	0.004274861	0	0
9106495	2.608398	0.004297891	0	0
9121708	2.611447	0.004321187	0	0
9136922	2.614495	0.004344758	0	0
9152135	2.617541	0.0043686	0	0
9167349	2.620586	0.004392719	0	0
9182562	2.623629	0.004417115	0	0
9197776	2.626671	0.004441792	0	0
9212989	2.629711	0.004466752	0	0
9228202	2.63275	0.004491995	0	0
9243415	2.635787	0.004517526	0	0
9258629	2.638823	0.004543349	0	0
9273842	2.641857	0.004569462	0	0
9289056	2.64489	0.004595872	0	0
9304269	2.647921	0.004622575	0	0
9319483	2.650951	0.00464958	0	0
9334696	2.653979	0.004676886	0	0
9349910	2.657006	0.004704495	0	0
9365123	2.660031	0.004732413	0	0
9380337	2.663055	0.004760639	0	0
9395550	2.666077	0.004789176	0	0
9410764	2.669098	0.004818029	0	0
9425977	2.672117	0.004847198	0	0
9441191	2.675135	0.004876688	0	0
9456404	2.678152	0.004906498	0	0
9471617	2.681167	0.004936634	0	0
9486830	2.68418	0.004967097	0	0
9502867	2.687292	0.00500075	0	0
9518904	2.690403	0.005034763	0	0
9534941	2.693512	0.005069142	0	0
9550977	2.696619	0.005103889	0	0
9567014	2.699725	0.005139009	0	0
9583050	2.702829	0.005174503	0	0
9599087	2.705931	0.005210378	0	0
9615123	2.709032	0.005246635	0	0
9631160	2.712131	0.00528328	0	0
9647196	2.715228	0.005320312	0	0
9663233	2.718324	0.005357741	0	0
9679269	2.721418	0.005395564	0	0
9695306	2.724511	0.00543379	0	0
9711342	2.727602	0.005472419	0	0
9727379	2.730691	0.005511459	0	0
9743415	2.733779	0.005550909	0	0
9759452	2.736866	0.005590777	0	0
9775489	2.73995	0.005631066	0	0
9791526	2.743033	0.005671777	0	0
9807562	2.746115	0.005712916	0	0
9823599	2.749195	0.005754488	0	0
9839635	2.752273	0.005796494	0	0
9855672	2.75535	0.005838944	0	0
9871708	2.758425	0.005881833	0	0
9887745	2.761499	0.005925175	0	0
9903781	2.76457	0.005968966	0	0
9919818	2.767641	0.006013217	0	0
9935854	2.77071	0.006057927	0	0
9951891	2.773777	0.006103105	0	0
9967927	2.776843	0.006148749	0	0
9983964	2.779907	0.006194872	0	0
1.00E+07	2.78297	0.006241469	0	0
1.00E+07	2.783782	0.006283328	0	0
1.00E+07	2.784592	0.00632553	0	0
1.00E+07	2.785402	0.006368133	0	0
1.01E+07	2.786211	0.006411086	0	0
1.01E+07	2.787019	0.006454448	0	0
1.01E+07	2.787825	0.006498163	0	0
1.01E+07	2.788631	0.006542264	0	0
1.01E+07	2.789436	0.006586755	0	0
1.01E+07	2.79024	0.006631669	0	0
1.02E+07	2.791042	0.00667695	0	0
1.02E+07	2.791844	0.006722628	0	0
1.02E+07	2.792644	0.00676871	0	0
1.02E+07	2.793445	0.006815228	0	0
1.02E+07	2.794243	0.006862126	0	0
1.02E+07	2.795041	0.006909436	0	0
1.02E+07	2.795838	0.006957163	0	0
1.03E+07	2.796634	0.007005341	0	0
1.03E+07	2.797429	0.00705391	0	0
1.03E+07	2.798223	0.007102938	0	0
1.03E+07	2.799016	0.007152364	0	0
1.03E+07	2.799809	0.007202258	0	0
1.03E+07	2.8006	0.007252556	0	0
1.04E+07	2.80139	0.007303295	0	0
1.04E+07	2.802179	0.00735448	0	0
1.04E+07	2.802968	0.007406147	0	0
1.04E+07	2.803755	0.007458231	0	0
1.04E+07	2.804542	0.007510772	0	0
1.04E+07	2.805327	0.007563773	0	0
1.04E+07	2.806112	0.007617274	0	0
1.05E+07	2.806896	0.007671206	0	0
1.05E+07	2.807678	0.00772561	0	0
1.05E+07	2.80846	0.007780491	0	0
1.05E+07	2.809268	0.007838585	0	0
1.05E+07	2.810075	0.007897211	0	0
1.05E+07	2.810881	0.007956375	0	0
1.06E+07	2.811686	0.008016042	0	0
1.06E+07	2.81249	0.008076294	0	0
1.06E+07	2.813293	0.008137096	0	0
1.06E+07	2.814095	0.008198455	0	0
1.06E+07	2.814895	0.008260336	0	0
1.06E+07	2.815695	0.008322822	0	0
1.06E+07	2.816495	0.008385878	0	0
1.07E+07	2.817293	0.008449512	0	0
1.07E+07	2.818089	0.008513686	0	0
1.07E+07	2.818886	0.008578484	0	0
1.07E+07	2.81968	0.008643834	0	0
1.07E+07	2.820475	0.008709821	0	0
1.07E+07	2.821268	0.008776367	0	0
1.08E+07	2.82206	0.008843563	0	0
1.08E+07	2.822851	0.008911372	0	0
1.08E+07	2.823642	0.008979798	0	0
1.08E+07	2.824431	0.009048803	0	0
1.08E+07	2.825219	0.00911848	0	0
1.08E+07	2.826007	0.009188792	0	0
1.09E+07	2.826794	0.009259743	0	0
1.09E+07	2.827579	0.009331296	0	0
1.09E+07	2.828364	0.009403544	0	0
1.09E+07	2.829148	0.009476448	0	0
1.09E+07	2.829931	0.009550015	0	0
1.09E+07	2.830712	0.009624205	0	0
1.10E+07	2.831493	0.009699115	0	0
1.10E+07	2.832273	0.009774657	0	0
1.10E+07	2.833052	0.009850935	0	0
1.10E+07	2.83383	0.009927855	0	0
1.10E+07	2.836179	0.009994341	0	0
1.10E+07	2.838525	0.010061293	0	0
1.10E+07	2.840871	0.010128799	0	0
1.11E+07	2.843215	0.010196778	0	0
1.11E+07	2.845558	0.01026532	0	0
1.11E+07	2.847899	0.010334343	0	0
1.11E+07	2.850239	0.010403936	0	0
1.11E+07	2.852577	0.010474019	0	0
1.11E+07	2.854915	0.010544681	0	0
1.12E+07	2.85725	0.010615838	0	0
1.12E+07	2.859585	0.010687585	0	0
1.12E+07	2.861918	0.010759835	0	0
1.12E+07	2.86425	0.010832682	0	0
1.12E+07	2.86658	0.01090604	0	0
1.12E+07	2.86891	0.010980005	0	0
1.13E+07	2.871237	0.011054488	0	0
1.13E+07	2.873564	0.01112959	0	0
1.13E+07	2.875888	0.011205216	0	0
1.13E+07	2.878212	0.011281471	0	0
1.13E+07	2.880534	0.011358257	0	0
1.13E+07	2.882856	0.011435681	0	0
1.13E+07	2.885175	0.011513648	0	0
1.14E+07	2.887494	0.011592261	0	0
1.14E+07	2.88981	0.011671425	0	0
1.14E+07	2.892126	0.011751245	0	0
1.14E+07	2.89444	0.011831625	0	0
1.14E+07	2.896754	0.011912674	0	0
1.14E+07	2.899065	0.011994291	0	0
1.15E+07	2.901376	0.012076585	0	0
1.15E+07	2.903684	0.012159458	0	0
1.15E+07	2.905993	0.012243021	0	0
1.15E+07	2.908298	0.01232717	0	0
1.15E+07	2.910604	0.012412021	0	0
1.15E+07	2.912907	0.01249747	0	0
1.15E+07	2.915211	0.012583632	0	0
1.16E+07	2.917511	0.012670402	0	0
1.16E+07	2.919812	0.012757899	0	0
1.16E+07	2.92211	0.012846016	0	0
1.16E+07	2.924408	0.012934875	0	0
1.16E+07	2.926703	0.013024359	0	0
1.16E+07	2.928999	0.013114599	0	0
1.17E+07	2.931292	0.013205482	0	0
1.17E+07	2.933585	0.013297137	0	0
1.17E+07	2.935875	0.013389459	0	0
1.17E+07	2.938165	0.013482552	0	0
1.17E+07	2.940453	0.013576331	0	0
1.17E+07	2.942741	0.01367091	0	0
1.18E+07	2.945026	0.013766184	0	0
1.18E+07	2.947312	0.013862281	0	0
1.18E+07	2.949594	0.013959085	0	0
1.18E+07	2.951877	0.014056744	0	0
1.18E+07	2.954157	0.014155146	0	0
1.18E+07	2.956437	0.01425441	0	0
1.18E+07	2.958715	0.014354446	0	0
1.19E+07	2.960993	0.014455388	0	0
1.19E+07	2.963268	0.014557124	0	0
1.19E+07	2.965543	0.014659803	0	0
1.19E+07	2.967816	0.014763316	0	0
1.19E+07	2.970089	0.014867828	0	0
1.19E+07	2.972359	0.014973213	0	0
1.20E+07	2.974629	1.51E-02	0	0
1.20E+07	2.976897	1.52E-02	0	0
1.20E+07	2.979165	1.53E-02	0	0
1.20E+07	2.98143	1.54E-02	0	0
1.20E+07	2.980614	1.55E-02	0	0
1.20E+07	2.979799	1.56E-02	0	0
1.20E+07	2.978986	1.57E-02	0	0
1.21E+07	2.978174	1.58E-02	0	0
1.21E+07	2.977363	1.59E-02	0	0
1.21E+07	2.976553	1.60E-02	0	0
1.21E+07	2.975745	1.60E-02	0	0
1.21E+07	2.974938	1.61E-02	0	0
1.21E+07	2.974132	1.62E-02	0	0
1.22E+07	2.973327	1.63E-02	0	0
1.22E+07	2.972524	1.64E-02	0	0
1.22E+07	2.971722	1.65E-02	0	0
1.22E+07	2.970921	1.66E-02	0	0
1.22E+07	2.970122	1.67E-02	0	0
1.22E+07	2.969323	1.68E-02	0	0
1.23E+07	2.968526	1.69E-02	0	0
1.23E+07	2.96773	1.70E-02	0	0
1.23E+07	2.966936	1.71E-02	0	0
1.23E+07	2.966142	1.72E-02	0	0
1.23E+07	2.96535	1.73E-02	0	0
1.23E+07	2.964559	1.74E-02	0	0
1.23E+07	2.963769	1.75E-02	0	0
1.24E+07	2.96298	1.76E-02	0	0
1.24E+07	2.962193	1.77E-02	0	0
1.24E+07	2.961407	1.78E-02	0	0
1.24E+07	2.960622	1.79E-02	0	0
1.24E+07	2.959838	1.81E-02	0	0
1.24E+07	2.959056	1.82E-02	0	0
1.25E+07	2.958274	1.83E-02	0	0
1.25E+07	2.957494	1.84E-02	0	0
1.25E+07	2.956715	1.85E-02	0	0
1.25E+07	2.955937	1.86E-02	0	0
1.25E+07	2.95516	1.87E-02	0	0
1.25E+07	2.954385	1.88E-02	0	0
1.25E+07	2.953611	1.89E-02	0	0
1.26E+07	2.952838	1.91E-02	0	0
1.26E+07	2.952065	1.92E-02	0	0
1.26E+07	2.951295	1.93E-02	0	0
1.26E+07	2.950525	1.94E-02	0	0
1.26E+07	2.949757	1.95E-02	0	0
1.26E+07	2.948989	1.96E-02	0	0
1.27E+07	2.948223	1.98E-02	0	0
1.27E+07	2.947458	1.99E-02	0	0
1.27E+07	2.946694	2.00E-02	0	0
1.27E+07	2.945931	2.01E-02	0	0
1.27E+07	2.94517	2.02E-02	0	0
1.27E+07	2.944409	2.04E-02	0	0
1.28E+07	2.94365	2.05E-02	0	0
1.28E+07	2.942891	2.06E-02	0	0
1.28E+07	2.942134	2.07E-02	0	0
1.28E+07	2.941378	2.09E-02	0	0
1.28E+07	2.940623	2.10E-02	0	0
1.28E+07	2.939869	2.11E-02	0	0
1.28E+07	2.939117	2.12E-02	0	0
1.29E+07	2.938365	2.14E-02	0	0
1.29E+07	2.937615	2.15E-02	0	0
1.29E+07	2.936865	2.16E-02	0	0
1.29E+07	2.936117	2.18E-02	0	0
1.29E+07	2.935369	2.19E-02	0	0
1.29E+07	2.934624	2.20E-02	0	0
1.30E+07	2.933878	2.22E-02	0	0
1.30E+07	2.933135	2.23E-02	0	0
1.30E+07	2.932392	2.25E-02	0	0
1.30E+07	2.93165	2.26E-02	0	0
1.30E+07	2.931439	2.27E-02	0	0
1.30E+07	2.931228	2.28E-02	0	0
1.30E+07	2.931017	2.29E-02	0	0
1.31E+07	2.930807	2.30E-02	0	0
1.31E+07	2.930597	2.31E-02	0	0
1.31E+07	2.930387	2.32E-02	0	0
1.31E+07	2.930177	2.33E-02	0	0
1.31E+07	2.929967	2.34E-02	0	0
1.31E+07	2.929758	2.35E-02	0	0
1.31E+07	2.929549	2.36E-02	0	0
1.31E+07	2.92934	2.37E-02	0	0
1.32E+07	2.929131	2.38E-02	0	0
1.32E+07	2.928923	2.39E-02	0	0
1.32E+07	2.928715	2.40E-02	0	0
1.32E+07	2.928507	2.41E-02	0	0
1.32E+07	2.928299	2.42E-02	0	0
1.32E+07	2.928092	2.43E-02	0	0
1.32E+07	2.927884	2.44E-02	0	0
1.33E+07	2.927677	2.46E-02	0	0
1.33E+07	2.92747	2.47E-02	0	0
1.33E+07	2.927264	2.48E-02	0	0
1.33E+07	2.927057	2.49E-02	0	0
1.33E+07	2.926851	2.50E-02	0	0
1.33E+07	2.926645	2.51E-02	0	0
1.33E+07	2.926439	2.52E-02	0	0
1.33E+07	2.926234	2.53E-02	0	0
1.34E+07	2.926028	2.54E-02	0	0
1.34E+07	2.925823	2.55E-02	0	0
1.34E+07	2.925618	2.57E-02	0	0
1.34E+07	2.925414	2.58E-02	0	0
1.34E+07	2.925209	2.59E-02	0	0
1.34E+07	2.925005	2.60E-02	0	0
1.34E+07	2.924801	2.61E-02	0	0
1.34E+07	2.924597	2.62E-02	0	0
1.35E+07	2.924394	2.64E-02	0	0
1.35E+07	2.92419	2.65E-02	0	0
1.35E+07	2.923987	2.66E-02	0	0
1.35E+07	2.923784	2.67E-02	0	0
1.35E+07	2.923581	2.68E-02	0	0
1.35E+07	2.923379	2.69E-02	0	0
1.35E+07	2.923176	2.71E-02	0	0
1.36E+07	2.922974	2.72E-02	0	0
1.36E+07	2.922772	2.73E-02	0	0
1.36E+07	2.922571	2.74E-02	0	0
1.36E+07	2.922369	2.76E-02	0	0
1.36E+07	2.922168	2.77E-02	0	0
1.36E+07	2.921967	2.78E-02	0	0
1.36E+07	2.921766	2.79E-02	0	0
1.36E+07	2.921565	2.81E-02	0	0
1.37E+07	2.921365	2.82E-02	0	0
1.37E+07	2.921164	2.83E-02	0	0
1.37E+07	2.920965	2.84E-02	0	0
1.37E+07	2.920765	2.86E-02	0	0
1.37E+07	2.920565	2.87E-02	0	0
1.37E+07	2.920366	2.88E-02	0	0
1.37E+07	2.920166	0.02896416	0	0
1.38E+07	2.919967	0.029096233	0	0
1.38E+07	2.919769	0.029228946	0	0
1.38E+07	2.91957	0.029362513	0	0
1.38E+07	2.919372	0.029496726	0	0
1.38E+07	2.919173	0.029631824	0	0
1.38E+07	2.918975	0.029767579	0	0
1.38E+07	2.918778	0.02990422	0	0
1.38E+07	2.91858	0.030041536	0	0
1.39E+07	2.918461	0.03021601	0	0
1.39E+07	2.918341	0.030391729	0	0
1.39E+07	2.918222	0.030568705	0	0
1.39E+07	2.918104	0.03074696	0	0
1.39E+07	2.917985	0.030926505	0	0
1.40E+07	2.917866	0.03110736	0	0
1.40E+07	2.917748	0.031289531	0	0
1.40E+07	2.91763	0.03147305	0	0
1.40E+07	2.914003	0.031726368	0	0
1.41E+07	2.910389	0.031982303	0	0
1.41E+07	2.906787	0.032240879	0	0
1.41E+07	2.903198	0.032502172	0	0
1.42E+07	2.899621	0.032766201	0	0
1.42E+07	2.896056	0.033033035	0	0
1.42E+07	2.892504	0.033302726	0	0
1.43E+07	2.888964	0.033575306	0	0
1.43E+07	2.885435	0.033850849	0	0
1.43E+07	2.881919	0.034129415	0	0
1.43E+07	2.878415	0.034411051	0	0
1.44E+07	2.874922	0.034695821	0	0
1.44E+07	2.871442	0.034983798	0	0
1.44E+07	2.867973	0.03527505	0	0
1.45E+07	2.864516	0.035569636	0	0
1.45E+07	2.86107	0.035867642	0	0
1.45E+07	2.857817	0.036121227	0	0
1.46E+07	2.854574	0.036377286	0	0
1.46E+07	2.851343	0.036635854	0	0
1.46E+07	2.848121	0.03689698	0	0
1.47E+07	2.844911	0.037160702	0	0
1.47E+07	2.84171	0.037427068	0	0
1.47E+07	2.838521	0.037696144	0	0
1.48E+07	2.835341	0.03796796	0	0
1.48E+07	2.832172	0.038242569	0	0
1.48E+07	2.829013	0.038520022	0	0
1.48E+07	2.825864	0.038800395	0	0
1.49E+07	2.822725	0.039083716	0	0
1.49E+07	2.819596	0.039370068	0	0
1.49E+07	2.816478	0.039659496	0	0
1.50E+07	2.813369	0.039952077	0	0
1.50E+07	2.81027	0.040247857	0	0
1.50E+07	2.805655	0.040477668	0	0
1.51E+07	2.801057	0.040709461	0	0
1.51E+07	2.796476	0.040943272	0	0
1.51E+07	2.791912	0.041179123	0	0
1.52E+07	2.787364	0.041417063	0	0
1.52E+07	2.782834	0.041657114	0	0
1.52E+07	2.77832	0.041899317	0	0
1.53E+07	2.773823	0.042143714	0	0
1.53E+07	2.769342	0.042390331	0	0
1.53E+07	2.764877	0.042639201	0	0
1.53E+07	2.760429	0.042890381	0	0
1.54E+07	2.755997	0.043143909	0	0
1.54E+07	2.751581	0.043399811	0	0
1.54E+07	2.747181	0.043658147	0	0
1.55E+07	2.742797	0.043918947	0	0
1.55E+07	2.738429	0.044182263	0	0
1.55E+07	2.734077	0.044448137	0	0
1.56E+07	2.72974	0.044716624	0	0
1.56E+07	2.725419	0.044987769	0	0
1.56E+07	2.721113	0.045261619	0	0
1.57E+07	2.716823	0.045538231	0	0
1.57E+07	2.712548	0.045817647	0	0
1.57E+07	2.708288	0.046099937	0	0
1.58E+07	2.704043	0.046385155	0	0
1.58E+07	2.699813	0.046673345	0	0
1.58E+07	2.695599	0.046964585	0	0
1.58E+07	2.691399	0.047258929	0	0
1.59E+07	2.687214	0.047556444	0	0
1.59E+07	2.683043	0.047857186	0	0
1.59E+07	2.678888	0.048161243	0	0
1.60E+07	2.674747	0.048468661	0	0
1.60E+07	2.67062	0.048779527	0	0
1.60E+07	2.667774	0.048895593	0	0
1.60E+07	2.664935	0.049012084	0	0
1.60E+07	2.662101	0.049129144	0	0
1.61E+07	2.659273	0.049246617	0	0
1.61E+07	2.65645	0.049364678	0	0
1.61E+07	2.653635	0.049483169	0	0
1.61E+07	2.650823	0.049602244	0	0
1.61E+07	2.648019	0.049721768	0	0
1.61E+07	2.645219	0.049841873	0	0
1.62E+07	2.642426	0.049962433	0	0
1.62E+07	2.639637	0.050083595	0	0
1.62E+07	2.636855	0.050205208	0	0
1.62E+07	2.634078	0.050327441	0	0
1.62E+07	2.631307	0.050450135	0	0
1.62E+07	2.628541	0.050573448	0	0
1.63E+07	2.625782	0.050697236	0	0
1.63E+07	2.623026	0.050821652	0	0
1.63E+07	2.620278	0.050946544	0	0
1.63E+07	2.617534	0.051072083	0	0
1.63E+07	2.614796	0.051198105	0	0
1.63E+07	2.612063	0.051324784	0	0
1.63E+07	2.609337	0.051451955	0	0
1.64E+07	2.606614	0.051579781	0	0
1.64E+07	2.603899	0.051708116	0	0
1.64E+07	2.601188	0.051837129	0	0
1.64E+07	2.598483	0.051966649	0	0
1.64E+07	2.595782	0.052096855	0	0
1.64E+07	2.593088	0.05222758	0	0
1.65E+07	2.590398	0.052359	0	0
1.65E+07	2.587715	0.052490956	0	0
1.65E+07	2.585036	0.052623612	0	0
1.65E+07	2.582363	0.05275681	0	0
1.65E+07	2.579695	0.052890718	0	0
1.65E+07	2.577033	0.05302518	0	0
1.65E+07	2.574374	0.05316038	0	0
1.66E+07	2.571723	0.053296127	0	0
1.66E+07	2.569075	0.053432624	0	0
1.66E+07	2.566434	0.053569684	0	0
1.66E+07	2.563797	0.053707498	0	0
1.66E+07	2.561166	0.053845897	0	0
1.66E+07	2.558539	0.053985057	0	0
1.67E+07	2.555919	0.054124814	0	0
1.67E+07	2.553302	0.054265346	0	0
1.67E+07	2.550692	0.054406476	0	0
1.67E+07	2.548086	0.054548402	0	0
1.67E+07	2.545486	0.054690937	0	0
1.67E+07	2.54289	0.054834272	0	0
1.68E+07	2.5403	0.054978244	0	0
1.68E+07	2.537714	0.05512302	0	0
1.68E+07	2.535134	0.055268447	0	0
1.68E+07	2.532558	0.05541469	0	0
1.68E+07	2.529989	0.055561597	0	0
1.68E+07	2.527422	0.055709342	0	0
1.68E+07	2.524863	0.055857742	0	0
1.69E+07	2.522307	0.056007015	0	0
1.69E+07	2.519757	0.056156956	0	0
1.69E+07	2.517211	0.056307764	0	0
1.69E+07	2.514671	0.056459273	0	0
1.69E+07	2.512134	0.056611664	0	0
1.69E+07	2.509605	0.056764756	0	0
1.70E+07	2.507078	0.056918747	0	0
1.70E+07	2.504558	0.057073464	0	0
1.70E+07	2.502041	0.057229093	0	0
1.70E+07	2.49953	0.057385452	0	0
1.70E+07	2.496777	0.057523459	0	0
1.70E+07	2.494031	0.05766214	0	0
1.71E+07	2.49129	0.057801489	0	0
1.71E+07	2.488554	0.057941534	0	0
1.71E+07	2.485825	0.058082258	0	0
1.71E+07	2.483101	0.058223678	0	0
1.71E+07	2.480383	0.058365809	0	0
1.71E+07	2.47767	0.058508636	0	0
1.71E+07	2.475505	0.058605885	0	0
1.72E+07	2.473344	0.0587035	0	0
1.72E+07	2.471186	0.05880149	0	0
1.72E+07	2.469031	0.058899851	0	0
1.72E+07	2.466881	0.058998588	0	0
1.72E+07	2.464734	0.059097693	0	0
1.72E+07	2.46259	0.05919719	0	0
1.72E+07	2.460452	0.059296985	0	0
1.73E+07	2.458315	0.059397248	0	0
1.73E+07	2.456182	0.05949789	0	0
1.73E+07	2.454053	0.059598921	0	0
1.73E+07	2.451927	0.059700345	0	0
1.73E+07	2.449804	0.059802164	0	0
1.73E+07	2.447685	0.059904378	0	0
1.73E+07	2.44557	0.060006994	0	0
1.74E+07	2.443459	0.060109936	0	0
1.74E+07	2.441351	0.060213357	0	0
1.74E+07	2.439246	0.060317187	0	0
1.74E+07	2.437144	0.060421415	0	0
1.74E+07	2.435046	0.060526067	0	0
1.74E+07	2.432951	0.060631134	0	0
1.74E+07	2.43086	0.060736608	0	0
1.74E+07	2.428772	0.060842512	0	0
1.75E+07	2.426689	0.060948751	0	0
1.75E+07	2.424608	0.061055503	0	0
1.75E+07	2.42253	0.061162673	0	0
1.75E+07	2.420456	0.061270284	0	0
1.75E+07	2.418385	0.06137832	0	0
1.75E+07	2.416317	0.061486802	0	0
1.75E+07	2.414253	0.061595712	0	0
1.76E+07	2.412192	0.061705076	0	0
1.76E+07	2.410136	0.061814792	0	0
1.76E+07	2.408082	0.061925047	0	0
1.76E+07	2.406031	0.062035744	0	0
1.76E+07	2.403984	0.062146902	0	0
1.76E+07	2.401939	0.062258506	0	0
1.76E+07	2.399898	0.062370583	0	0
1.76E+07	2.397861	0.062483109	0	0
1.77E+07	2.395827	0.062596112	0	0
1.77E+07	2.393797	0.062709489	0	0
1.77E+07	2.391769	0.06282343	0	0
1.77E+07	2.389745	0.062937846	0	0
1.77E+07	2.387723	0.063052739	0	0
1.77E+07	2.385705	0.063168103	0	0
1.77E+07	2.383691	0.063283961	0	0
1.78E+07	2.381679	0.063400305	0	0
1.78E+07	2.379671	0.063517139	0	0
1.78E+07	2.377667	0.063634382	0	0
1.78E+07	2.375665	0.063752206	0	0
1.78E+07	2.373667	0.063870528	0	0
1.78E+07	2.371671	0.063989367	0	0
1.78E+07	2.369679	0.064108699	0	0
1.79E+07	2.36769	0.064228542	0	0
1.79E+07	2.365704	0.064348913	0	0
1.79E+07	2.363721	0.064469788	0	0
1.79E+07	2.361743	0.06459109	0	0
1.79E+07	2.359766	0.064713022	0	0
1.79E+07	2.357793	0.064835468	0	0
1.79E+07	2.355823	0.064958451	0	0
1.79E+07	2.353856	0.065081973	0	0
1.80E+07	2.351892	0.065206035	0	0
1.80E+07	2.349931	0.065330629	0	0
1.80E+07	2.347973	0.065455777	0	0
1.80E+07	2.34602	0.065581382	0	0
1.80E+07	2.34388	0.065643685	0	0
1.80E+07	2.341132	0.06574923	0	0
1.80E+07	2.338389	0.065855231	0	0
1.81E+07	2.335652	0.065961696	0	0
1.81E+07	2.332922	0.066068558	0	0
1.81E+07	2.330196	0.066175961	0	0
1.81E+07	2.327477	0.06628377	0	0
1.81E+07	2.324762	0.066392112	0	0
1.81E+07	2.322054	0.066500864	0	0
1.82E+07	2.31935	0.066610183	0	0
1.82E+07	2.316651	0.066719986	0	0
1.82E+07	2.313958	0.066830267	0	0
1.82E+07	2.311272	0.066940961	0	0
1.82E+07	2.308589	0.067052227	0	0
1.82E+07	2.305914	0.067163911	0	0
1.82E+07	2.303242	0.067276181	0	0
1.83E+07	2.300578	0.067388868	0	0
1.83E+07	2.297917	0.067502144	0	0
1.83E+07	2.295261	0.067615915	0	0
1.83E+07	2.29261	0.067730216	0	0
1.83E+07	2.289967	0.067844949	0	0
1.83E+07	2.287327	0.067960278	0	0
1.84E+07	2.284694	0.068076054	0	0
1.84E+07	2.282065	0.068192426	0	0
1.84E+07	2.279442	0.06830926	0	0
1.84E+07	2.276824	0.068426693	0	0
1.84E+07	2.274211	0.0685446	0	0
1.84E+07	2.271603	0.068663112	0	0
1.84E+07	2.269001	0.068782088	0	0
1.85E+07	2.266403	0.068901681	0	0
1.85E+07	2.263812	0.069021764	0	0
1.85E+07	2.261224	0.069142478	0	0
1.85E+07	2.258643	0.069263653	0	0
1.85E+07	2.256065	0.069385473	0	0
1.85E+07	2.253492	0.069507863	0	0
1.86E+07	2.250925	0.069630814	0	0
1.86E+07	2.248364	0.069754264	0	0
1.86E+07	2.245806	0.069878356	0	0
1.86E+07	2.243256	0.070002956	0	0
1.86E+07	2.240708	0.070128215	0	0
1.86E+07	2.238167	0.070253986	0	0
1.86E+07	2.23563	0.070380417	0	0
1.87E+07	2.233098	0.070507451	0	0
1.87E+07	2.23057	0.070635071	0	0
1.87E+07	2.228049	0.070763213	0	0
1.87E+07	2.225532	0.070892052	0	0
1.87E+07	2.22302	0.071021404	0	0
1.87E+07	2.220513	0.071151468	0	0
1.88E+07	2.218011	0.071282048	0	0
1.88E+07	2.215513	0.071413354	0	0
1.88E+07	2.21302	0.071545269	0	0
1.88E+07	2.210532	0.071677824	0	0
1.88E+07	2.20805	0.071810905	0	0
1.88E+07	2.205571	0.071944729	0	0
1.88E+07	2.203099	0.072079102	0	0
1.89E+07	2.20063	0.072214212	0	0
1.89E+07	2.198167	0.072349885	0	0
1.89E+07	2.195708	0.072486298	0	0
1.89E+07	2.193255	0.07262328	0	0
1.89E+07	2.190805	0.072761006	0	0
1.89E+07	2.188361	0.072899324	0	0
1.90E+07	2.18592	0.073038401	0	0
1.90E+07	2.183486	0.073178054	0	0
1.90E+07	2.181055	0.073318483	0	0
1.90E+07	2.17863	0.073459509	0	0
1.90E+07	2.173605	0.073654211	0	0
1.91E+07	2.1686	0.073850623	0	0
1.91E+07	2.163614	0.074048783	0	0
1.91E+07	2.158648	0.074248702	0	0
1.92E+07	2.153701	0.074450398	0	0
1.92E+07	2.148774	0.074653892	0	0
1.92E+07	2.143866	0.074859204	0	0
1.93E+07	2.138977	0.075066353	0	0
1.93E+07	2.134108	0.07527535	0	0
1.93E+07	2.129257	0.075486226	0	0
1.93E+07	2.124425	0.07569901	0	0
1.94E+07	2.119612	0.075913704	0	0
1.94E+07	2.114817	0.076130339	0	0
1.94E+07	2.110041	0.076348934	0	0
1.95E+07	2.105284	0.076569514	0	0
1.95E+07	2.100544	0.076792087	0	0
1.95E+07	2.095823	0.077016707	0	0
1.96E+07	2.09112	0.077243356	0	0
1.96E+07	2.086436	0.077472084	0	0
1.96E+07	2.081769	0.077702896	0	0
1.97E+07	2.07712	0.077935841	0	0
1.97E+07	2.072488	0.078170926	0	0
1.97E+07	2.067875	0.07840816	0	0
1.98E+07	2.063278	0.078647598	0	0
1.98E+07	2.0587	0.078889244	0	0
1.98E+07	2.054138	0.079133132	0	0
1.98E+07	2.049594	0.079379294	0	0
1.99E+07	2.045068	0.079627726	0	0
1.99E+07	2.040558	0.079878481	0	0
1.99E+07	2.036065	0.080131584	0	0
2.00E+07	2.031589	0.080387049	0	0
2.00E+07	2.02713	0.080644914	0	0
