12.0
0.0 0.0
0.0 0.0
0.0 0.0
1.000000E-05	7.810355E+01	1.942250E-01	0.000000E+00	0.000000E+00
1.062500E-05	7.577897E+01	1.884260E-01	0.000000E+00	0.000000E+00
1.125000E-05	7.365112E+01	1.831170E-01	0.000000E+00	0.000000E+00
1.187500E-05	7.169374E+01	1.782330E-01	0.000000E+00	0.000000E+00
1.250000E-05	6.988523E+01	1.737200E-01	0.000000E+00	0.000000E+00
1.375000E-05	6.664597E+01	1.656360E-01	0.000000E+00	0.000000E+00
1.500000E-05	6.382111E+01	1.585840E-01	0.000000E+00	0.000000E+00
1.625000E-05	6.132931E+01	1.523630E-01	0.000000E+00	0.000000E+00
1.750000E-05	5.910993E+01	1.468210E-01	0.000000E+00	0.000000E+00
1.875000E-05	5.711676E+01	1.418420E-01	0.000000E+00	0.000000E+00
2.000000E-05	5.531385E+01	1.373380E-01	0.000000E+00	0.000000E+00
2.187500E-05	5.290562E+01	1.313200E-01	0.000000E+00	0.000000E+00
2.375000E-05	5.078915E+01	1.260300E-01	0.000000E+00	0.000000E+00
2.562500E-05	4.891000E+01	1.213320E-01	0.000000E+00	0.000000E+00
2.750000E-05	4.722696E+01	1.171220E-01	0.000000E+00	0.000000E+00
2.937500E-05	4.570820E+01	1.133230E-01	0.000000E+00	0.000000E+00
3.125000E-05	4.432868E+01	1.098700E-01	0.000000E+00	0.000000E+00
3.312500E-05	4.306837E+01	1.067160E-01	0.000000E+00	0.000000E+00
3.500000E-05	4.191109E+01	1.038180E-01	0.000000E+00	0.000000E+00
3.875000E-05	3.985474E+01	9.866700E-02	0.000000E+00	0.000000E+00
4.250000E-05	3.807800E+01	9.421300E-02	0.000000E+00	0.000000E+00
4.625000E-05	3.652289E+01	9.031300E-02	0.000000E+00	0.000000E+00
5.000000E-05	3.514702E+01	8.686000E-02	0.000000E+00	0.000000E+00
5.312500E-05	3.411411E+01	8.426700E-02	0.000000E+00	0.000000E+00
5.625000E-05	3.316898E+01	8.189300E-02	0.000000E+00	0.000000E+00
5.937500E-05	3.229990E+01	7.970800E-02	0.000000E+00	0.000000E+00
6.250000E-05	3.149724E+01	7.769000E-02	0.000000E+00	0.000000E+00
6.875000E-05	3.006040E+01	7.407500E-02	0.000000E+00	0.000000E+00
7.500000E-05	2.880835E+01	7.092100E-02	0.000000E+00	0.000000E+00
8.125000E-05	2.770477E+01	6.813900E-02	0.000000E+00	0.000000E+00
8.750000E-05	2.672261E+01	6.566000E-02	0.000000E+00	0.000000E+00
9.375000E-05	2.584124E+01	6.343400E-02	0.000000E+00	0.000000E+00
1.000000E-04	2.504462E+01	6.141900E-02	0.000000E+00	0.000000E+00
1.062500E-04	2.432006E+01	5.958600E-02	0.000000E+00	0.000000E+00
1.125000E-04	2.365740E+01	5.790700E-02	0.000000E+00	0.000000E+00
1.187500E-04	2.304835E+01	5.636200E-02	0.000000E+00	0.000000E+00
1.250000E-04	2.248612E+01	5.493500E-02	0.000000E+00	0.000000E+00
1.375000E-04	2.148037E+01	5.237900E-02	0.000000E+00	0.000000E+00
1.500000E-04	2.060482E+01	5.014900E-02	0.000000E+00	0.000000E+00
1.625000E-04	1.983382E+01	4.818100E-02	0.000000E+00	0.000000E+00
1.750000E-04	1.914831E+01	4.642900E-02	0.000000E+00	0.000000E+00
1.875000E-04	1.853372E+01	4.485400E-02	0.000000E+00	0.000000E+00
2.000000E-04	1.797875E+01	4.343000E-02	0.000000E+00	0.000000E+00
2.187500E-04	1.723903E+01	4.152700E-02	0.000000E+00	0.000000E+00
2.375000E-04	1.659060E+01	3.985400E-02	0.000000E+00	0.000000E+00
2.562500E-04	1.601635E+01	3.836800E-02	0.000000E+00	0.000000E+00
2.750000E-04	1.550334E+01	3.703700E-02	0.000000E+00	0.000000E+00
2.937500E-04	1.504159E+01	3.583600E-02	0.000000E+00	0.000000E+00
3.125000E-04	1.462323E+01	3.474400E-02	0.000000E+00	0.000000E+00
3.312500E-04	1.424199E+01	3.374600E-02	0.000000E+00	0.000000E+00
3.500000E-04	1.389280E+01	3.283000E-02	0.000000E+00	0.000000E+00
3.875000E-04	1.327464E+01	3.120100E-02	0.000000E+00	0.000000E+00
4.250000E-04	1.274321E+01	2.979300E-02	0.000000E+00	0.000000E+00
4.625000E-04	1.228038E+01	2.855900E-02	0.000000E+00	0.000000E+00
5.000000E-04	1.187292E+01	2.746800E-02	0.000000E+00	0.000000E+00
5.312500E-04	1.156842E+01	2.664700E-02	0.000000E+00	0.000000E+00
5.625000E-04	1.129093E+01	2.589700E-02	0.000000E+00	0.000000E+00
5.937500E-04	1.103682E+01	2.520600E-02	0.000000E+00	0.000000E+00
6.250000E-04	1.080307E+01	2.456800E-02	0.000000E+00	0.000000E+00
6.875000E-04	1.038713E+01	2.342400E-02	0.000000E+00	0.000000E+00
7.500000E-04	1.002758E+01	2.242700E-02	0.000000E+00	0.000000E+00
8.125000E-04	9.713178E+00	2.154700E-02	0.000000E+00	0.000000E+00
8.750000E-04	9.435558E+00	2.076400E-02	0.000000E+00	0.000000E+00
9.375000E-04	9.188364E+00	2.005900E-02	0.000000E+00	0.000000E+00
1.000000E-03	8.966659E+00	1.942300E-02	0.000000E+00	0.000000E+00
1.063000E-03	8.766552E+00	1.884300E-02	0.000000E+00	0.000000E+00
1.125000E-03	8.584922E+00	1.831200E-02	0.000000E+00	0.000000E+00
1.187000E-03	8.419241E+00	1.782300E-02	0.000000E+00	0.000000E+00
1.250000E-03	8.267430E+00	1.737200E-02	0.000000E+00	0.000000E+00
1.375000E-03	7.998814E+00	1.656400E-02	0.000000E+00	0.000000E+00
1.500000E-03	7.768342E+00	1.585800E-02	0.000000E+00	0.000000E+00
1.625000E-03	7.568269E+00	1.523600E-02	0.000000E+00	0.000000E+00
1.750000E-03	7.392851E+00	1.468200E-02	0.000000E+00	0.000000E+00
1.875000E-03	7.237732E+00	1.418400E-02	0.000000E+00	0.000000E+00
2.000000E-03	7.099540E+00	1.373400E-02	0.000000E+00	0.000000E+00
2.188000E-03	6.918337E+00	1.313200E-02	0.000000E+00	0.000000E+00
2.375000E-03	6.762542E+00	1.260300E-02	0.000000E+00	0.000000E+00
2.563000E-03	6.627143E+00	1.213300E-02	0.000000E+00	0.000000E+00
2.750000E-03	6.508380E+00	1.171200E-02	0.000000E+00	0.000000E+00
2.938000E-03	6.403370E+00	1.133200E-02	0.000000E+00	0.000000E+00
3.125000E-03	6.309862E+00	1.098700E-02	0.000000E+00	0.000000E+00
3.312000E-03	6.226077E+00	1.067100E-02	0.000000E+00	0.000000E+00
3.500000E-03	6.150582E+00	1.038200E-02	0.000000E+00	0.000000E+00
3.875000E-03	6.020024E+00	9.867000E-03	0.000000E+00	0.000000E+00
4.250000E-03	5.911125E+00	9.421000E-03	0.000000E+00	0.000000E+00
4.625000E-03	5.818960E+00	9.031000E-03	0.000000E+00	0.000000E+00
5.000000E-03	5.739989E+00	8.686000E-03	0.000000E+00	0.000000E+00
5.313000E-03	5.682353E+00	8.427000E-03	0.000000E+00	0.000000E+00
5.625000E-03	5.630892E+00	8.189000E-03	0.000000E+00	0.000000E+00
5.938000E-03	5.584677E+00	7.971000E-03	0.000000E+00	0.000000E+00
6.250000E-03	5.542954E+00	7.769000E-03	0.000000E+00	0.000000E+00
6.875000E-03	5.470623E+00	7.407000E-03	0.000000E+00	0.000000E+00
7.500000E-03	5.410121E+00	7.092000E-03	0.000000E+00	0.000000E+00
8.125000E-03	5.358792E+00	6.814000E-03	0.000000E+00	0.000000E+00
8.750000E-03	5.314711E+00	6.566000E-03	0.000000E+00	0.000000E+00
9.375000E-03	5.276456E+00	6.343000E-03	0.000000E+00	0.000000E+00
1.000000E-02	5.242951E+00	6.142000E-03	0.000000E+00	0.000000E+00
1.062500E-02	5.213366E+00	5.958000E-03	0.000000E+00	0.000000E+00
1.125000E-02	5.187056E+00	5.791000E-03	0.000000E+00	0.000000E+00
1.187500E-02	5.163506E+00	5.636000E-03	0.000000E+00	0.000000E+00
1.250000E-02	5.142305E+00	5.493000E-03	0.000000E+00	0.000000E+00
1.375000E-02	5.105677E+00	5.238000E-03	0.000000E+00	0.000000E+00
1.500000E-02	5.075147E+00	5.015000E-03	0.000000E+00	0.000000E+00
1.625000E-02	5.049311E+00	4.818000E-03	0.000000E+00	0.000000E+00
1.750000E-02	5.027165E+00	4.643000E-03	0.000000E+00	0.000000E+00
1.875000E-02	5.007970E+00	4.485000E-03	0.000000E+00	0.000000E+00
2.000000E-02	4.991175E+00	4.343000E-03	0.000000E+00	0.000000E+00
2.132500E-02	4.975522E+00	4.206000E-03	0.000000E+00	0.000000E+00
2.265000E-02	4.961699E+00	4.081000E-03	0.000000E+00	0.000000E+00
2.397500E-02	4.949405E+00	3.967000E-03	0.000000E+00	0.000000E+00
2.530000E-02	4.938398E+00	3.861000E-03	0.000000E+00	0.000000E+00
2.684400E-02	4.926944E+00	3.749000E-03	0.000000E+00	0.000000E+00
2.838700E-02	4.916735E+00	3.645000E-03	0.000000E+00	0.000000E+00
3.147500E-02	4.899322E+00	3.462000E-03	0.000000E+00	0.000000E+00
3.456300E-02	4.885020E+00	3.304000E-03	0.000000E+00	0.000000E+00
3.765000E-02	4.873063E+00	3.165000E-03	0.000000E+00	0.000000E+00
4.073800E-02	4.862917E+00	3.043000E-03	0.000000E+00	0.000000E+00
4.382500E-02	4.854201E+00	2.934000E-03	0.000000E+00	0.000000E+00
4.691300E-02	4.846632E+00	2.836000E-03	0.000000E+00	0.000000E+00
5.000000E-02	4.839998E+00	2.747000E-03	0.000000E+00	0.000000E+00
5.312500E-02	4.834067E+00	2.665000E-03	0.000000E+00	0.000000E+00
5.625000E-02	4.828796E+00	2.590000E-03	0.000000E+00	0.000000E+00
5.937500E-02	4.824079E+00	2.521000E-03	0.000000E+00	0.000000E+00
6.250000E-02	4.819834E+00	2.457000E-03	0.000000E+00	0.000000E+00
6.875000E-02	4.812500E+00	2.342000E-03	0.000000E+00	0.000000E+00
7.500000E-02	4.806389E+00	2.243000E-03	0.000000E+00	0.000000E+00
8.125000E-02	4.801218E+00	2.155000E-03	0.000000E+00	0.000000E+00
8.750000E-02	4.796785E+00	2.076000E-03	0.000000E+00	0.000000E+00
9.375000E-02	4.792944E+00	2.006000E-03	0.000000E+00	0.000000E+00
1.000000E-01	4.789582E+00	1.942000E-03	0.000000E+00	0.000000E+00
1.062500E-01	4.786617E+00	1.884000E-03	0.000000E+00	0.000000E+00
1.125000E-01	4.783981E+00	1.831000E-03	0.000000E+00	0.000000E+00
1.187500E-01	4.781623E+00	1.782000E-03	0.000000E+00	0.000000E+00
1.250000E-01	4.779501E+00	1.737000E-03	0.000000E+00	0.000000E+00
1.375000E-01	4.775836E+00	1.656000E-03	0.000000E+00	0.000000E+00
1.500000E-01	4.772782E+00	1.586000E-03	0.000000E+00	0.000000E+00
1.625000E-01	4.770198E+00	1.524000E-03	0.000000E+00	0.000000E+00
1.750000E-01	4.767983E+00	1.468000E-03	0.000000E+00	0.000000E+00
1.875000E-01	4.766063E+00	1.418000E-03	0.000000E+00	0.000000E+00
2.000000E-01	4.764383E+00	1.373000E-03	0.000000E+00	0.000000E+00
2.187500E-01	4.762224E+00	1.313000E-03	0.000000E+00	0.000000E+00
2.375000E-01	4.760405E+00	1.260000E-03	0.000000E+00	0.000000E+00
2.562500E-01	4.758853E+00	1.213000E-03	0.000000E+00	0.000000E+00
2.750000E-01	4.757512E+00	1.171000E-03	0.000000E+00	0.000000E+00
2.937500E-01	4.756342E+00	1.133000E-03	0.000000E+00	0.000000E+00
3.125000E-01	4.755313E+00	1.099000E-03	0.000000E+00	0.000000E+00
3.312500E-01	4.754400E+00	1.067000E-03	0.000000E+00	0.000000E+00
3.500000E-01	4.753585E+00	1.038000E-03	0.000000E+00	0.000000E+00
3.875000E-01	4.752192E+00	9.868019E-04	0.000000E+00	0.000000E+00
4.250000E-01	4.751044E+00	9.422611E-04	0.000000E+00	0.000000E+00
5.000000E-01	4.749265E+00	8.688345E-04	0.000000E+00	0.000000E+00
6.250000E-01	4.747249E+00	7.771081E-04	0.000000E+00	0.000000E+00
7.500000E-01	4.745904E+00	7.092702E-04	0.000000E+00	0.000000E+00
8.750000E-01	4.744944E+00	6.568494E-04	0.000000E+00	0.000000E+00
1.000000E+00	4.744223E+00	6.145656E-04	0.000000E+00	0.000000E+00
1.250000E+00	4.743214E+00	5.494979E-04	0.000000E+00	0.000000E+00
1.500000E+00	4.742540E+00	5.015241E-04	0.000000E+00	0.000000E+00
1.750000E+00	4.742059E+00	4.644486E-04	0.000000E+00	0.000000E+00
2.000000E+00	4.741697E+00	4.344781E-04	0.000000E+00	0.000000E+00
2.375000E+00	4.741298E+00	3.987162E-04	0.000000E+00	0.000000E+00
2.750000E+00	4.741006E+00	3.706225E-04	0.000000E+00	0.000000E+00
3.125000E+00	4.740784E+00	3.476001E-04	0.000000E+00	0.000000E+00
3.500000E+00	4.740609E+00	3.284005E-04	0.000000E+00	0.000000E+00
4.250000E+00	4.740350E+00	2.979582E-04	0.000000E+00	0.000000E+00
5.000000E+00	4.740168E+00	2.747226E-04	0.000000E+00	0.000000E+00
6.250000E+00	4.739958E+00	2.457181E-04	0.000000E+00	0.000000E+00
7.500000E+00	4.739816E+00	2.242762E-04	0.000000E+00	0.000000E+00
8.750000E+00	4.739713E+00	2.076628E-04	0.000000E+00	0.000000E+00
1.000000E+01	4.739633E+00	1.942746E-04	0.000000E+00	0.000000E+00
1.250000E+01	4.739521E+00	1.737313E-04	0.000000E+00	0.000000E+00
1.500000E+01	4.739442E+00	1.585764E-04	0.000000E+00	0.000000E+00
1.750000E+01	4.739383E+00	1.468238E-04	0.000000E+00	0.000000E+00
2.000000E+01	4.739335E+00	1.373446E-04	0.000000E+00	0.000000E+00
2.375000E+01	4.739278E+00	1.260325E-04	0.000000E+00	0.000000E+00
2.750000E+01	4.739232E+00	1.171329E-04	0.000000E+00	0.000000E+00
3.125000E+01	4.739192E+00	1.098712E-04	0.000000E+00	0.000000E+00
3.500000E+01	4.739158E+00	1.038122E-04	0.000000E+00	0.000000E+00
4.250000E+01	4.739099E+00	9.420023E-05	0.000000E+00	0.000000E+00
5.000000E+01	4.739046E+00	8.684899E-05	0.000000E+00	0.000000E+00
6.250000E+01	4.738969E+00	7.767913E-05	0.000000E+00	0.000000E+00
7.500000E+01	4.738898E+00	7.090708E-05	0.000000E+00	0.000000E+00
8.750000E+01	4.738831E+00	6.564901E-05	0.000000E+00	0.000000E+00
1.000000E+02	4.738766E+00	6.141121E-05	0.000000E+00	0.000000E+00
1.250000E+02	4.738641E+00	5.492415E-05	0.000000E+00	0.000000E+00
1.500000E+02	4.738520E+00	5.013664E-05	0.000000E+00	0.000000E+00
1.750000E+02	4.738400E+00	4.641837E-05	0.000000E+00	0.000000E+00
2.000000E+02	4.738282E+00	4.342071E-05	0.000000E+00	0.000000E+00
2.375000E+02	4.738105E+00	3.984507E-05	0.000000E+00	0.000000E+00
2.750000E+02	4.737930E+00	3.702962E-05	0.000000E+00	0.000000E+00
3.125000E+02	4.737756E+00	3.473589E-05	0.000000E+00	0.000000E+00
3.500000E+02	4.737582E+00	3.282166E-05	0.000000E+00	0.000000E+00
4.250000E+02	4.737235E+00	2.978434E-05	0.000000E+00	0.000000E+00
5.000000E+02	4.736889E+00	2.746293E-05	0.000000E+00	0.000000E+00
6.250000E+02	4.736313E+00	2.516043E-05	0.000000E+00	0.000000E+00
7.500000E+02	4.735738E+00	2.342552E-05	0.000000E+00	0.000000E+00
8.750000E+02	4.735163E+00	2.205273E-05	0.000000E+00	0.000000E+00
1.000000E+03	4.734588E+00	2.092873E-05	0.000000E+00	0.000000E+00
1.250000E+03	4.733431E+00	1.914834E-05	0.000000E+00	0.000000E+00
1.500000E+03	4.732274E+00	1.780667E-05	0.000000E+00	0.000000E+00
1.750000E+03	4.731119E+00	1.674611E-05	0.000000E+00	0.000000E+00
2.000000E+03	4.729962E+00	1.587944E-05	0.000000E+00	0.000000E+00
2.750000E+03	4.726494E+00	1.444395E-05	0.000000E+00	0.000000E+00
3.500000E+03	4.723026E+00	1.344441E-05	0.000000E+00	0.000000E+00
4.250000E+03	4.719558E+00	1.269021E-05	0.000000E+00	0.000000E+00
5.000000E+03	4.716093E+00	1.209222E-05	0.000000E+00	0.000000E+00
6.250000E+03	4.711843E+00	1.171673E-05	0.000000E+00	0.000000E+00
7.500000E+03	4.707596E+00	1.141916E-05	0.000000E+00	0.000000E+00
8.750000E+03	4.703348E+00	1.117349E-05	0.000000E+00	0.000000E+00
1.000000E+04	4.699099E+00	1.096528E-05	0.000000E+00	0.000000E+00
1.250000E+04	4.690599E+00	1.091074E-05	0.000000E+00	0.000000E+00
1.500000E+04	4.682099E+00	1.086667E-05	0.000000E+00	0.000000E+00
1.750000E+04	4.673699E+00	1.082956E-05	0.000000E+00	0.000000E+00
2.000000E+04	4.665299E+00	1.079798E-05	0.000000E+00	0.000000E+00
2.250000E+04	4.656949E+00	1.109166E-05	0.000000E+00	0.000000E+00
2.500000E+04	4.648599E+00	1.136163E-05	0.000000E+00	0.000000E+00
2.750000E+04	4.640249E+00	1.161150E-05	0.000000E+00	0.000000E+00
3.000000E+04	4.631899E+00	1.184440E-05	0.000000E+00	0.000000E+00
3.250000E+04	4.623649E+00	1.206278E-05	0.000000E+00	0.000000E+00
3.500000E+04	4.615399E+00	1.226854E-05	0.000000E+00	0.000000E+00
4.000000E+04	4.598899E+00	1.264820E-05	0.000000E+00	0.000000E+00
4.500000E+04	4.582499E+00	1.299284E-05	0.000000E+00	0.000000E+00
5.000000E+04	4.566199E+00	1.330927E-05	0.000000E+00	0.000000E+00
6.250000E+04	4.526199E+00	1.441323E-05	0.000000E+00	0.000000E+00
7.500000E+04	4.486200E+00	1.538306E-05	0.000000E+00	0.000000E+00
8.750000E+04	4.447299E+00	1.625378E-05	0.000000E+00	0.000000E+00
1.000000E+05	4.408399E+00	1.704774E-05	0.000000E+00	0.000000E+00
1.250000E+05	4.330100E+00	1.839744E-05	0.000000E+00	0.000000E+00
1.300000E+05	4.314802E+00	1.864548E-05	0.000000E+00	0.000000E+00
1.350000E+05	4.301202E+00	1.888731E-05	0.000000E+00	0.000000E+00
1.400000E+05	4.289106E+00	1.912330E-05	0.000000E+00	0.000000E+00
1.425000E+05	4.284812E+00	1.923923E-05	0.000000E+00	0.000000E+00
1.450000E+05	4.283837E+00	1.935382E-05	0.000000E+00	0.000000E+00
1.500000E+05	4.340274E+00	1.957916E-05	0.000000E+00	0.000000E+00
1.510000E+05	4.393994E+00	1.962363E-05	0.000000E+00	0.000000E+00
1.520000E+05	4.476157E+00	1.966790E-05	0.000000E+00	0.000000E+00
1.529000E+05	4.519489E+00	1.970759E-05	0.000000E+00	0.000000E+00
1.540000E+05	4.454281E+00	1.975589E-05	0.000000E+00	0.000000E+00
1.550000E+05	4.373399E+00	1.979959E-05	0.000000E+00	0.000000E+00
1.560000E+05	4.321277E+00	1.984312E-05	0.000000E+00	0.000000E+00
1.580000E+05	4.271141E+00	1.992962E-05	0.000000E+00	0.000000E+00
1.600000E+05	4.248441E+00	2.001540E-05	0.000000E+00	0.000000E+00
1.650000E+05	4.220409E+00	2.022680E-05	0.000000E+00	0.000000E+00
1.700000E+05	4.202104E+00	2.043403E-05	0.000000E+00	0.000000E+00
1.750000E+05	4.186101E+00	2.063728E-05	0.000000E+00	0.000000E+00
1.800000E+05	4.171201E+00	2.083673E-05	0.000000E+00	0.000000E+00
2.000000E+05	4.115900E+00	2.159958E-05	0.000000E+00	0.000000E+00
2.250000E+05	4.048400E+00	2.165101E-05	0.000000E+00	0.000000E+00
2.500000E+05	3.982800E+00	2.169674E-05	0.000000E+00	0.000000E+00
2.750000E+05	3.918200E+00	2.173819E-05	0.000000E+00	0.000000E+00
3.000000E+05	3.855100E+00	2.177610E-05	0.000000E+00	0.000000E+00
3.250000E+05	3.793700E+00	2.181103E-05	0.000000E+00	0.000000E+00
3.500000E+05	3.733800E+00	2.184342E-05	0.000000E+00	0.000000E+00
3.750000E+05	3.675300E+00	2.187362E-05	0.000000E+00	0.000000E+00
4.000000E+05	3.618200E+00	2.190191E-05	0.000000E+00	0.000000E+00
4.250000E+05	3.562600E+00	2.192852E-05	0.000000E+00	0.000000E+00
4.500000E+05	3.508200E+00	2.195363E-05	0.000000E+00	0.000000E+00
4.750000E+05	3.455100E+00	2.197741E-05	0.000000E+00	0.000000E+00
5.000000E+05	3.403300E+00	2.199999E-05	0.000000E+00	0.000000E+00
5.250000E+05	3.352700E+00	2.200702E-05	0.000000E+00	0.000000E+00
5.500000E+05	3.303200E+00	2.201372E-05	0.000000E+00	0.000000E+00
5.750000E+05	3.254900E+00	2.202013E-05	0.000000E+00	0.000000E+00
6.000000E+05	3.207600E+00	2.202626E-05	0.000000E+00	0.000000E+00
6.250000E+05	3.161500E+00	2.203214E-05	0.000000E+00	0.000000E+00
6.500000E+05	3.116300E+00	2.203780E-05	0.000000E+00	0.000000E+00
6.750000E+05	3.072200E+00	2.204324E-05	0.000000E+00	0.000000E+00
7.000000E+05	3.029000E+00	2.204849E-05	0.000000E+00	0.000000E+00
7.250000E+05	2.986800E+00	2.205355E-05	0.000000E+00	0.000000E+00
7.500000E+05	2.945400E+00	2.205844E-05	0.000000E+00	0.000000E+00
7.750000E+05	2.905000E+00	2.206317E-05	0.000000E+00	0.000000E+00
8.000000E+05	2.865400E+00	2.206776E-05	0.000000E+00	0.000000E+00
8.250000E+05	2.826700E+00	2.207220E-05	0.000000E+00	0.000000E+00
8.500000E+05	2.788800E+00	2.207651E-05	0.000000E+00	0.000000E+00
8.750000E+05	2.751700E+00	2.208070E-05	0.000000E+00	0.000000E+00
9.000000E+05	2.715400E+00	2.208477E-05	0.000000E+00	0.000000E+00
9.250000E+05	2.679800E+00	2.208873E-05	0.000000E+00	0.000000E+00
9.500000E+05	2.645000E+00	2.209258E-05	0.000000E+00	0.000000E+00
9.750000E+05	2.610800E+00	2.209634E-05	0.000000E+00	0.000000E+00
1.000000E+06	2.577400E+00	2.210000E-05	0.000000E+00	0.000000E+00
1.050000E+06	2.512499E+00	2.210114E-05	0.000000E+00	0.000000E+00
1.100000E+06	2.450299E+00	2.210223E-05	0.000000E+00	0.000000E+00
1.150000E+06	2.390499E+00	2.210327E-05	0.000000E+00	0.000000E+00
1.200000E+06	2.333099E+00	2.210427E-05	0.000000E+00	0.000000E+00
1.250000E+06	2.277899E+00	2.210522E-05	0.000000E+00	0.000000E+00
1.300000E+06	2.224898E+00	2.210614E-05	0.000000E+00	0.000000E+00
1.350000E+06	2.173898E+00	2.210702E-05	0.000000E+00	0.000000E+00
1.400000E+06	2.124997E+00	2.210788E-05	0.000000E+00	0.000000E+00
1.450000E+06	2.077997E+00	2.210870E-05	0.000000E+00	0.000000E+00
1.500000E+06	2.032797E+00	2.210949E-05	0.000000E+00	0.000000E+00
1.550000E+06	1.988796E+00	2.211026E-05	0.000000E+00	0.000000E+00
1.600000E+06	1.946496E+00	2.211100E-05	0.000000E+00	0.000000E+00
1.650000E+06	1.905896E+00	2.211172E-05	0.000000E+00	0.000000E+00
1.680000E+06	1.881895E+00	2.211215E-05	0.000000E+00	0.000000E+00
1.700000E+06	1.865496E+00	2.211242E-05	0.000000E+00	0.000000E+00
1.710000E+06	1.857398E+00	2.211256E-05	0.000000E+00	0.000000E+00
1.720000E+06	1.850712E+00	2.211270E-05	0.000000E+00	0.000000E+00
1.730000E+06	1.854726E+00	2.211283E-05	0.000000E+00	0.000000E+00
1.736000E+06	1.862434E+00	2.211291E-05	0.000000E+00	0.000000E+00
1.740000E+06	1.854395E+00	2.211297E-05	0.000000E+00	0.000000E+00
1.750000E+06	1.832719E+00	2.211310E-05	0.000000E+00	0.000000E+00
1.760000E+06	1.824399E+00	2.211323E-05	0.000000E+00	0.000000E+00
1.770000E+06	1.817995E+00	2.211337E-05	0.000000E+00	0.000000E+00
1.780000E+06	1.811494E+00	2.211350E-05	0.000000E+00	0.000000E+00
1.790000E+06	1.804795E+00	2.211363E-05	0.000000E+00	0.000000E+00
1.800000E+06	1.797995E+00	2.211376E-05	0.000000E+00	0.000000E+00
1.820000E+06	1.784395E+00	2.211402E-05	0.000000E+00	0.000000E+00
1.850000E+06	1.764395E+00	2.211440E-05	0.000000E+00	0.000000E+00
1.900000E+06	1.731895E+00	2.211503E-05	0.000000E+00	0.000000E+00
1.950000E+06	1.700595E+00	2.211564E-05	0.000000E+00	0.000000E+00
2.000000E+06	1.670399E+00	2.211623E-05	0.000000E+00	0.000000E+00
2.025000E+06	1.659094E+00	2.211652E-05	0.000000E+00	0.000000E+00
2.050000E+06	1.684894E+00	2.211681E-05	0.000000E+00	0.000000E+00
2.052000E+06	1.695094E+00	2.211683E-05	0.000000E+00	0.000000E+00
2.053000E+06	1.701994E+00	2.211684E-05	0.000000E+00	0.000000E+00
2.054000E+06	1.708894E+00	2.211685E-05	0.000000E+00	0.000000E+00
2.056000E+06	1.727794E+00	2.211688E-05	0.000000E+00	0.000000E+00
2.058000E+06	1.754194E+00	2.211690E-05	0.000000E+00	0.000000E+00
2.060000E+06	1.791794E+00	2.211692E-05	0.000000E+00	0.000000E+00
2.061000E+06	1.816494E+00	2.211693E-05	0.000000E+00	0.000000E+00
2.062000E+06	1.846694E+00	2.211694E-05	0.000000E+00	0.000000E+00
2.063000E+06	1.883594E+00	2.211696E-05	0.000000E+00	0.000000E+00
2.064000E+06	1.929394E+00	2.211697E-05	0.000000E+00	0.000000E+00
2.065000E+06	1.986794E+00	2.211698E-05	0.000000E+00	0.000000E+00
2.066000E+06	2.059494E+00	2.211699E-05	0.000000E+00	0.000000E+00
2.067000E+06	2.152494E+00	2.211700E-05	0.000000E+00	0.000000E+00
2.068000E+06	2.273594E+00	2.211701E-05	0.000000E+00	0.000000E+00
2.069000E+06	2.432794E+00	2.211702E-05	0.000000E+00	0.000000E+00
2.070000E+06	2.644894E+00	2.211703E-05	0.000000E+00	0.000000E+00
2.071000E+06	2.929694E+00	2.211705E-05	0.000000E+00	0.000000E+00
2.072000E+06	3.312194E+00	2.211706E-05	0.000000E+00	0.000000E+00
2.073000E+06	3.817594E+00	2.211707E-05	0.000000E+00	0.000000E+00
2.074000E+06	4.451094E+00	2.211708E-05	0.000000E+00	0.000000E+00
2.075000E+06	5.156494E+00	2.211709E-05	0.000000E+00	0.000000E+00
2.076000E+06	5.766394E+00	2.211710E-05	0.000000E+00	0.000000E+00
2.077000E+06	6.043494E+00	2.211711E-05	0.000000E+00	0.000000E+00
2.078000E+06	5.871894E+00	2.211712E-05	0.000000E+00	0.000000E+00
2.079000E+06	5.372794E+00	2.211714E-05	0.000000E+00	0.000000E+00
2.080000E+06	4.765394E+00	2.211715E-05	0.000000E+00	0.000000E+00
2.081000E+06	4.198894E+00	2.211716E-05	0.000000E+00	0.000000E+00
2.082000E+06	3.728194E+00	2.211717E-05	0.000000E+00	0.000000E+00
2.083000E+06	3.355894E+00	2.211718E-05	0.000000E+00	0.000000E+00
2.084000E+06	3.065794E+00	2.211719E-05	0.000000E+00	0.000000E+00
2.085000E+06	2.839894E+00	2.211720E-05	0.000000E+00	0.000000E+00
2.086000E+06	2.662594E+00	2.211721E-05	0.000000E+00	0.000000E+00
2.087000E+06	2.521794E+00	2.211723E-05	0.000000E+00	0.000000E+00
2.088000E+06	2.408494E+00	2.211724E-05	0.000000E+00	0.000000E+00
2.089000E+06	2.316594E+00	2.211725E-05	0.000000E+00	0.000000E+00
2.090000E+06	2.240694E+00	2.211726E-05	0.000000E+00	0.000000E+00
2.091000E+06	2.177594E+00	2.211727E-05	0.000000E+00	0.000000E+00
2.092000E+06	2.124494E+00	2.211728E-05	0.000000E+00	0.000000E+00
2.093000E+06	2.079394E+00	2.211729E-05	0.000000E+00	0.000000E+00
2.094000E+06	2.040694E+00	2.211730E-05	0.000000E+00	0.000000E+00
2.095000E+06	2.007294E+00	2.211732E-05	0.000000E+00	0.000000E+00
2.096000E+06	1.978294E+00	2.211733E-05	0.000000E+00	0.000000E+00
2.097000E+06	1.952794E+00	2.211734E-05	0.000000E+00	0.000000E+00
2.098000E+06	1.930294E+00	2.211735E-05	0.000000E+00	0.000000E+00
2.099000E+06	1.910394E+00	2.211736E-05	0.000000E+00	0.000000E+00
2.100000E+06	1.892594E+00	2.211737E-05	0.000000E+00	0.000000E+00
2.102000E+06	1.862394E+00	2.211739E-05	0.000000E+00	0.000000E+00
2.104000E+06	1.837594E+00	2.211742E-05	0.000000E+00	0.000000E+00
2.106000E+06	1.816994E+00	2.211744E-05	0.000000E+00	0.000000E+00
2.108000E+06	1.799594E+00	2.211746E-05	0.000000E+00	0.000000E+00
2.110000E+06	1.784794E+00	2.211748E-05	0.000000E+00	0.000000E+00
2.112000E+06	1.772094E+00	2.211750E-05	0.000000E+00	0.000000E+00
2.114000E+06	1.760894E+00	2.211753E-05	0.000000E+00	0.000000E+00
2.116000E+06	1.751094E+00	2.211755E-05	0.000000E+00	0.000000E+00
2.118000E+06	1.742394E+00	2.211757E-05	0.000000E+00	0.000000E+00
2.120000E+06	1.734694E+00	2.211759E-05	0.000000E+00	0.000000E+00
2.140000E+06	1.686293E+00	2.211781E-05	0.000000E+00	0.000000E+00
2.160000E+06	1.661093E+00	2.211803E-05	0.000000E+00	0.000000E+00
2.180000E+06	1.644493E+00	2.211825E-05	0.000000E+00	0.000000E+00
2.200000E+06	1.631993E+00	2.211846E-05	0.000000E+00	0.000000E+00
2.220000E+06	1.621893E+00	2.211867E-05	0.000000E+00	0.000000E+00
2.240000E+06	1.613592E+00	2.211888E-05	0.000000E+00	0.000000E+00
2.260000E+06	1.606492E+00	2.211909E-05	0.000000E+00	0.000000E+00
2.280000E+06	1.600392E+00	2.211930E-05	0.000000E+00	0.000000E+00
2.300000E+06	1.595292E+00	2.211950E-05	0.000000E+00	0.000000E+00
2.320000E+06	1.591092E+00	2.211971E-05	0.000000E+00	0.000000E+00
2.340000E+06	1.587791E+00	2.211991E-05	0.000000E+00	0.000000E+00
2.360000E+06	1.585291E+00	2.212011E-05	0.000000E+00	0.000000E+00
2.380000E+06	1.583691E+00	2.212030E-05	0.000000E+00	0.000000E+00
2.400000E+06	1.582891E+00	2.212050E-05	0.000000E+00	0.000000E+00
2.420000E+06	1.583091E+00	2.212069E-05	0.000000E+00	0.000000E+00
2.440000E+06	1.584290E+00	2.212089E-05	0.000000E+00	0.000000E+00
2.460000E+06	1.586590E+00	2.212108E-05	0.000000E+00	0.000000E+00
2.480000E+06	1.589890E+00	2.212127E-05	0.000000E+00	0.000000E+00
2.500000E+06	1.594490E+00	2.212146E-05	0.000000E+00	0.000000E+00
2.520000E+06	1.600390E+00	2.212164E-05	0.000000E+00	0.000000E+00
2.540000E+06	1.607689E+00	2.212183E-05	0.000000E+00	0.000000E+00
2.553000E+06	1.613389E+00	2.212195E-05	0.000000E+00	0.000000E+00
2.560000E+06	1.616489E+00	2.212201E-05	0.000000E+00	0.000000E+00
2.580000E+06	1.626989E+00	2.212219E-05	0.000000E+00	0.000000E+00
2.600000E+06	1.639489E+00	2.212237E-05	0.000000E+00	0.000000E+00
2.620000E+06	1.653989E+00	2.212255E-05	0.000000E+00	0.000000E+00
2.640000E+06	1.670889E+00	2.212273E-05	0.000000E+00	0.000000E+00
2.660000E+06	1.690489E+00	2.212291E-05	0.000000E+00	0.000000E+00
2.680000E+06	1.713188E+00	2.212308E-05	0.000000E+00	0.000000E+00
2.700000E+06	1.739588E+00	2.212326E-05	0.000000E+00	0.000000E+00
2.720000E+06	1.770188E+00	2.212343E-05	0.000000E+00	0.000000E+00
2.740000E+06	1.805888E+00	2.212360E-05	0.000000E+00	0.000000E+00
2.760000E+06	1.847788E+00	2.212377E-05	0.000000E+00	0.000000E+00
2.780000E+06	1.897888E+00	2.212394E-05	0.000000E+00	0.000000E+00
2.785000E+06	1.911988E+00	2.212398E-05	0.000000E+00	0.000000E+00
2.790000E+06	1.926988E+00	2.212403E-05	0.000000E+00	0.000000E+00
2.795000E+06	1.943087E+00	2.212407E-05	0.000000E+00	0.000000E+00
2.800000E+06	1.961087E+00	2.212411E-05	0.000000E+00	0.000000E+00
2.802000E+06	1.969287E+00	2.212413E-05	0.000000E+00	0.000000E+00
2.804000E+06	1.978587E+00	2.212414E-05	0.000000E+00	0.000000E+00
2.806000E+06	1.990287E+00	2.212416E-05	0.000000E+00	0.000000E+00
2.808000E+06	2.006987E+00	2.212418E-05	0.000000E+00	0.000000E+00
2.810000E+06	2.038887E+00	2.212419E-05	0.000000E+00	0.000000E+00
2.811000E+06	2.071787E+00	2.212420E-05	0.000000E+00	0.000000E+00
2.812000E+06	2.139987E+00	2.212421E-05	0.000000E+00	0.000000E+00
2.813000E+06	2.327987E+00	2.212422E-05	0.000000E+00	0.000000E+00
2.814000E+06	3.160487E+00	2.212423E-05	0.000000E+00	0.000000E+00
2.815000E+06	5.070887E+00	2.212424E-05	0.000000E+00	0.000000E+00
2.816000E+06	2.776187E+00	2.212424E-05	0.000000E+00	0.000000E+00
2.817000E+06	2.289487E+00	2.212425E-05	0.000000E+00	0.000000E+00
2.818000E+06	2.158887E+00	2.212426E-05	0.000000E+00	0.000000E+00
2.819000E+06	2.108987E+00	2.212427E-05	0.000000E+00	0.000000E+00
2.820000E+06	2.086287E+00	2.212428E-05	0.000000E+00	0.000000E+00
2.822000E+06	2.069687E+00	2.212429E-05	0.000000E+00	0.000000E+00
2.824000E+06	2.067287E+00	2.212431E-05	0.000000E+00	0.000000E+00
2.826000E+06	2.070187E+00	2.212433E-05	0.000000E+00	0.000000E+00
2.828000E+06	2.075587E+00	2.212434E-05	0.000000E+00	0.000000E+00
2.830000E+06	2.082487E+00	2.212436E-05	0.000000E+00	0.000000E+00
2.835000E+06	2.102887E+00	2.212440E-05	0.000000E+00	0.000000E+00
2.840000E+06	2.126487E+00	2.212444E-05	0.000000E+00	0.000000E+00
2.845000E+06	2.152187E+00	2.212448E-05	0.000000E+00	0.000000E+00
2.850000E+06	2.180087E+00	2.212453E-05	0.000000E+00	0.000000E+00
2.855000E+06	2.210187E+00	2.212457E-05	0.000000E+00	0.000000E+00
2.860000E+06	2.242487E+00	2.212461E-05	0.000000E+00	0.000000E+00
2.865000E+06	2.277387E+00	2.212465E-05	0.000000E+00	0.000000E+00
2.870000E+06	2.314887E+00	2.212469E-05	0.000000E+00	0.000000E+00
2.875000E+06	2.355487E+00	2.212473E-05	0.000000E+00	0.000000E+00
2.880000E+06	2.399387E+00	2.212477E-05	0.000000E+00	0.000000E+00
2.885000E+06	2.446987E+00	2.212481E-05	0.000000E+00	0.000000E+00
2.890000E+06	2.498687E+00	2.212485E-05	0.000000E+00	0.000000E+00
2.895000E+06	2.554787E+00	2.212489E-05	0.000000E+00	0.000000E+00
2.900000E+06	2.615687E+00	2.212493E-05	0.000000E+00	0.000000E+00
2.905000E+06	2.681787E+00	2.212497E-05	0.000000E+00	0.000000E+00
2.910000E+06	2.753187E+00	2.212501E-05	0.000000E+00	0.000000E+00
2.915000E+06	2.829587E+00	2.212505E-05	0.000000E+00	0.000000E+00
2.920000E+06	2.910287E+00	2.212509E-05	0.000000E+00	0.000000E+00
2.924000E+06	2.976787E+00	2.212513E-05	0.000000E+00	0.000000E+00
2.928000E+06	3.043186E+00	2.212516E-05	0.000000E+00	0.000000E+00
2.932000E+06	3.106686E+00	2.212519E-05	0.000000E+00	0.000000E+00
2.936000E+06	3.163286E+00	2.212522E-05	0.000000E+00	0.000000E+00
2.940000E+06	3.206986E+00	2.212525E-05	0.000000E+00	0.000000E+00
2.944000E+06	3.229686E+00	2.212529E-05	0.000000E+00	0.000000E+00
2.948000E+06	3.221186E+00	2.212532E-05	0.000000E+00	0.000000E+00
2.952000E+06	3.170686E+00	2.212535E-05	0.000000E+00	0.000000E+00
2.956000E+06	3.068586E+00	2.212538E-05	0.000000E+00	0.000000E+00
2.960000E+06	2.910586E+00	2.212541E-05	0.000000E+00	0.000000E+00
2.964000E+06	2.701286E+00	2.212544E-05	0.000000E+00	0.000000E+00
2.968000E+06	2.455686E+00	2.212548E-05	0.000000E+00	0.000000E+00
2.972000E+06	2.195986E+00	2.212551E-05	0.000000E+00	0.000000E+00
2.976000E+06	1.945786E+00	2.212554E-05	0.000000E+00	0.000000E+00
2.980000E+06	1.723486E+00	2.212557E-05	0.000000E+00	0.000000E+00
2.984000E+06	1.539486E+00	2.212560E-05	0.000000E+00	0.000000E+00
2.988000E+06	1.396186E+00	2.212563E-05	0.000000E+00	0.000000E+00
2.992000E+06	1.290786E+00	2.212566E-05	0.000000E+00	0.000000E+00
2.996000E+06	1.217586E+00	2.212570E-05	0.000000E+00	0.000000E+00
3.000000E+06	1.170386E+00	2.212573E-05	0.000000E+00	0.000000E+00
3.010000E+06	1.129486E+00	2.212581E-05	0.000000E+00	0.000000E+00
3.020000E+06	1.150286E+00	2.212588E-05	0.000000E+00	0.000000E+00
3.030000E+06	1.197586E+00	2.212596E-05	0.000000E+00	0.000000E+00
3.040000E+06	1.254686E+00	2.212604E-05	0.000000E+00	0.000000E+00
3.050000E+06	1.313986E+00	2.212611E-05	0.000000E+00	0.000000E+00
3.053000E+06	1.331586E+00	2.212614E-05	0.000000E+00	0.000000E+00
3.060000E+06	1.372485E+00	2.212619E-05	0.000000E+00	0.000000E+00
3.080000E+06	1.482485E+00	2.212634E-05	0.000000E+00	0.000000E+00
3.100000E+06	1.582585E+00	2.212650E-05	0.000000E+00	0.000000E+00
3.120000E+06	1.674385E+00	2.212665E-05	0.000000E+00	0.000000E+00
3.140000E+06	1.759885E+00	2.212680E-05	0.000000E+00	0.000000E+00
3.160000E+06	1.840385E+00	2.212694E-05	0.000000E+00	0.000000E+00
3.180000E+06	1.917085E+00	2.212709E-05	0.000000E+00	0.000000E+00
3.200000E+06	1.990385E+00	2.212724E-05	0.000000E+00	0.000000E+00
3.220000E+06	2.060884E+00	2.212739E-05	0.000000E+00	0.000000E+00
3.240000E+06	2.128484E+00	2.212753E-05	0.000000E+00	0.000000E+00
3.260000E+06	2.193184E+00	2.212767E-05	0.000000E+00	0.000000E+00
3.280000E+06	2.254884E+00	2.212782E-05	0.000000E+00	0.000000E+00
3.300000E+06	2.313184E+00	2.212796E-05	0.000000E+00	0.000000E+00
3.320000E+06	2.367784E+00	2.212810E-05	0.000000E+00	0.000000E+00
3.340000E+06	2.418284E+00	2.212824E-05	0.000000E+00	0.000000E+00
3.360000E+06	2.464384E+00	2.212838E-05	0.000000E+00	0.000000E+00
3.380000E+06	2.505783E+00	2.212852E-05	0.000000E+00	0.000000E+00
3.400000E+06	2.541983E+00	2.212866E-05	0.000000E+00	0.000000E+00
3.420000E+06	2.572883E+00	2.212880E-05	0.000000E+00	0.000000E+00
3.440000E+06	2.598383E+00	2.212893E-05	0.000000E+00	0.000000E+00
3.460000E+06	2.618183E+00	2.212907E-05	0.000000E+00	0.000000E+00
3.480000E+06	2.632383E+00	2.212921E-05	0.000000E+00	0.000000E+00
3.500000E+06	2.640983E+00	2.212934E-05	0.000000E+00	0.000000E+00
3.520000E+06	2.644183E+00	2.212947E-05	0.000000E+00	0.000000E+00
3.540000E+06	2.642182E+00	2.212961E-05	0.000000E+00	0.000000E+00
3.553000E+06	2.637682E+00	2.212969E-05	0.000000E+00	0.000000E+00
3.560000E+06	2.635282E+00	2.212974E-05	0.000000E+00	0.000000E+00
3.580000E+06	2.623782E+00	2.212987E-05	0.000000E+00	0.000000E+00
3.600000E+06	2.608082E+00	2.213000E-05	0.000000E+00	0.000000E+00
3.620000E+06	2.588482E+00	2.213013E-05	0.000000E+00	0.000000E+00
3.640000E+06	2.565382E+00	2.213026E-05	0.000000E+00	0.000000E+00
3.660000E+06	2.539282E+00	2.213039E-05	0.000000E+00	0.000000E+00
3.680000E+06	2.510481E+00	2.213051E-05	0.000000E+00	0.000000E+00
3.700000E+06	2.479481E+00	2.213064E-05	0.000000E+00	0.000000E+00
3.720000E+06	2.446481E+00	2.213077E-05	0.000000E+00	0.000000E+00
3.740000E+06	2.411981E+00	2.213089E-05	0.000000E+00	0.000000E+00
3.760000E+06	2.376181E+00	2.213102E-05	0.000000E+00	0.000000E+00
3.780000E+06	2.339381E+00	2.213114E-05	0.000000E+00	0.000000E+00
3.800000E+06	2.301880E+00	2.213127E-05	0.000000E+00	0.000000E+00
3.820000E+06	2.263880E+00	2.213139E-05	0.000000E+00	0.000000E+00
3.840000E+06	2.225680E+00	2.213151E-05	0.000000E+00	0.000000E+00
3.860000E+06	2.187380E+00	2.213163E-05	0.000000E+00	0.000000E+00
3.880000E+06	2.149080E+00	2.213176E-05	0.000000E+00	0.000000E+00
3.900000E+06	2.111180E+00	2.213188E-05	0.000000E+00	0.000000E+00
3.920000E+06	2.073579E+00	2.213200E-05	0.000000E+00	0.000000E+00
3.940000E+06	2.036679E+00	2.213211E-05	0.000000E+00	0.000000E+00
3.960000E+06	2.000679E+00	2.213223E-05	0.000000E+00	0.000000E+00
3.980000E+06	1.965679E+00	2.213235E-05	0.000000E+00	0.000000E+00
4.000000E+06	1.932079E+00	2.213247E-05	0.000000E+00	0.000000E+00
4.010000E+06	1.915979E+00	2.213253E-05	0.000000E+00	0.000000E+00
4.020000E+06	1.900379E+00	2.213259E-05	0.000000E+00	0.000000E+00
4.030000E+06	1.885478E+00	2.213264E-05	0.000000E+00	0.000000E+00
4.040000E+06	1.871378E+00	2.213270E-05	0.000000E+00	0.000000E+00
4.050000E+06	1.858078E+00	2.213276E-05	0.000000E+00	0.000000E+00
4.053000E+06	1.854478E+00	2.213278E-05	0.000000E+00	0.000000E+00
4.060000E+06	1.845878E+00	2.213282E-05	0.000000E+00	0.000000E+00
4.070000E+06	1.834978E+00	2.213288E-05	0.000000E+00	0.000000E+00
4.080000E+06	1.825478E+00	2.213293E-05	0.000000E+00	0.000000E+00
4.090000E+06	1.817978E+00	2.213299E-05	0.000000E+00	0.000000E+00
4.100000E+06	1.812578E+00	2.213305E-05	0.000000E+00	0.000000E+00
4.110000E+06	1.809778E+00	2.213311E-05	0.000000E+00	0.000000E+00
4.120000E+06	1.810278E+00	2.213316E-05	0.000000E+00	0.000000E+00
4.130000E+06	1.814478E+00	2.213322E-05	0.000000E+00	0.000000E+00
4.140000E+06	1.823278E+00	2.213328E-05	0.000000E+00	0.000000E+00
4.150000E+06	1.837178E+00	2.213333E-05	0.000000E+00	0.000000E+00
4.160000E+06	1.857178E+00	2.213339E-05	0.000000E+00	0.000000E+00
4.170000E+06	1.883878E+00	2.213344E-05	0.000000E+00	0.000000E+00
4.180000E+06	1.917477E+00	2.213350E-05	0.000000E+00	0.000000E+00
4.190000E+06	1.957877E+00	2.213356E-05	0.000000E+00	0.000000E+00
4.200000E+06	2.004277E+00	2.213361E-05	0.000000E+00	0.000000E+00
4.210000E+06	2.054877E+00	2.213367E-05	0.000000E+00	0.000000E+00
4.220000E+06	2.106577E+00	2.213372E-05	0.000000E+00	0.000000E+00
4.230000E+06	2.155877E+00	2.213378E-05	0.000000E+00	0.000000E+00
4.240000E+06	2.198777E+00	2.213383E-05	0.000000E+00	0.000000E+00
4.250000E+06	2.231877E+00	2.213389E-05	0.000000E+00	0.000000E+00
4.260000E+06	2.252777E+00	2.213395E-05	0.000000E+00	0.000000E+00
4.270000E+06	2.260877E+00	2.213400E-05	0.000000E+00	0.000000E+00
4.280000E+06	2.256777E+00	2.213406E-05	0.000000E+00	0.000000E+00
4.290000E+06	2.242177E+00	2.213411E-05	0.000000E+00	0.000000E+00
4.300000E+06	2.219477E+00	2.213416E-05	0.000000E+00	0.000000E+00
4.310000E+06	2.190877E+00	2.213422E-05	0.000000E+00	0.000000E+00
4.320000E+06	2.158477E+00	2.213427E-05	0.000000E+00	0.000000E+00
4.330000E+06	2.123976E+00	2.213433E-05	0.000000E+00	0.000000E+00
4.340000E+06	2.088576E+00	2.213438E-05	0.000000E+00	0.000000E+00
4.350000E+06	2.053376E+00	2.213444E-05	0.000000E+00	0.000000E+00
4.360000E+06	2.018876E+00	2.213449E-05	0.000000E+00	0.000000E+00
4.370000E+06	1.985376E+00	2.213454E-05	0.000000E+00	0.000000E+00
4.380000E+06	1.953276E+00	2.213460E-05	0.000000E+00	0.000000E+00
4.390000E+06	1.922576E+00	2.213465E-05	0.000000E+00	0.000000E+00
4.400000E+06	1.893276E+00	2.213470E-05	0.000000E+00	0.000000E+00
4.420000E+06	1.838976E+00	2.213481E-05	0.000000E+00	0.000000E+00
4.440000E+06	1.789876E+00	2.213492E-05	0.000000E+00	0.000000E+00
4.460000E+06	1.745376E+00	2.213502E-05	0.000000E+00	0.000000E+00
4.480000E+06	1.704876E+00	2.213513E-05	0.000000E+00	0.000000E+00
4.500000E+06	1.667675E+00	2.213523E-05	0.000000E+00	0.000000E+00
4.520000E+06	1.633275E+00	2.213533E-05	0.000000E+00	0.000000E+00
4.540000E+06	1.601475E+00	2.213544E-05	0.000000E+00	0.000000E+00
4.553000E+06	1.582175E+00	2.213550E-05	0.000000E+00	0.000000E+00
4.560000E+06	1.571675E+00	2.213554E-05	0.000000E+00	0.000000E+00
4.580000E+06	1.543775E+00	2.213564E-05	0.000000E+00	0.000000E+00
4.600000E+06	1.517475E+00	2.213575E-05	0.000000E+00	0.000000E+00
4.620000E+06	1.492474E+00	2.213585E-05	0.000000E+00	0.000000E+00
4.640000E+06	1.468774E+00	2.213595E-05	0.000000E+00	0.000000E+00
4.660000E+06	1.446174E+00	2.213605E-05	0.000000E+00	0.000000E+00
4.680000E+06	1.424474E+00	2.213615E-05	0.000000E+00	0.000000E+00
4.700000E+06	1.403574E+00	2.213625E-05	0.000000E+00	0.000000E+00
4.720000E+06	1.383374E+00	2.213635E-05	0.000000E+00	0.000000E+00
4.740000E+06	1.363873E+00	2.213645E-05	0.000000E+00	0.000000E+00
4.760000E+06	1.344773E+00	2.213655E-05	0.000000E+00	0.000000E+00
4.780000E+06	1.326173E+00	2.213665E-05	0.000000E+00	0.000000E+00
4.800000E+06	1.307773E+00	2.213674E-05	0.000000E+00	0.000000E+00
4.810000E+06	1.298573E+00	2.213679E-05	0.000000E+00	0.000000E+00
4.812000E+06	1.296673E+00	2.213680E-05	0.000000E+00	0.000000E+00
4.812089E+06	1.296573E+00	2.213680E-05	0.000000E+00	0.000000E+00
4.820000E+06	1.287669E+00	2.213684E-05	0.000000E+00	0.000000E+00
4.850000E+06	1.260003E+00	2.213699E-05	0.000000E+00	0.000000E+00
4.899900E+06	1.223016E+00	2.213723E-05	0.000000E+00	0.000000E+00
4.900000E+06	1.222979E+00	2.213723E-05	0.000000E+00	0.000000E+00
4.919400E+06	1.238662E+00	2.213732E-05	0.000000E+00	0.000000E+00
4.920000E+06	1.242827E+00	2.213732E-05	0.000000E+00	0.000000E+00
4.930000E+06	1.310692E+00	2.213737E-05	0.000000E+00	0.000000E+00
4.934500E+06	1.341525E+00	2.213739E-05	0.000000E+00	0.000000E+00
4.935500E+06	1.719332E+00	2.213740E-05	0.000000E+00	0.000000E+00
4.936700E+06	1.967061E+00	2.213740E-05	0.000000E+00	0.000000E+00
4.938500E+06	1.940655E+00	2.213741E-05	0.000000E+00	0.000000E+00
4.939500E+06	1.737162E+00	2.213741E-05	0.000000E+00	0.000000E+00
4.940000E+06	1.693866E+00	2.213742E-05	0.000000E+00	0.000000E+00
4.943200E+06	1.417228E+00	2.213743E-05	0.000000E+00	0.000000E+00
4.948100E+06	1.277645E+00	2.213746E-05	0.000000E+00	0.000000E+00
4.950000E+06	1.263948E+00	2.213746E-05	0.000000E+00	0.000000E+00
4.954600E+06	1.230141E+00	2.213749E-05	0.000000E+00	0.000000E+00
4.958400E+06	1.207183E+00	2.213750E-05	0.000000E+00	0.000000E+00
4.980000E+06	1.162060E+00	2.213761E-05	0.000000E+00	0.000000E+00
4.990000E+06	1.141205E+00	2.213765E-05	0.000000E+00	0.000000E+00
5.000000E+06	1.120351E+00	2.213770E-05	0.000000E+00	0.000000E+00
5.001000E+06	1.132431E+00	2.214432E-05	0.000000E+00	0.000000E+00
5.030000E+06	1.117621E+00	2.233654E-05	0.000000E+00	0.000000E+00
5.053000E+06	1.115501E+00	2.248938E-05	0.000000E+00	0.000000E+00
5.100000E+06	1.091930E+00	2.280279E-05	0.000000E+00	0.000000E+00
5.120000E+06	1.048870E+00	2.293658E-05	0.000000E+00	0.000000E+00
5.150000E+06	1.063040E+00	2.313777E-05	0.000000E+00	0.000000E+00
5.180000E+06	1.043219E+00	2.333953E-05	0.000000E+00	0.000000E+00
5.200000E+06	1.020759E+00	2.347436E-05	0.000000E+00	0.000000E+00
5.230000E+06	1.004789E+00	2.367708E-05	0.000000E+00	0.000000E+00
5.280000E+06	9.654380E-01	2.401624E-05	0.000000E+00	0.000000E+00
5.300000E+06	9.571680E-01	2.415235E-05	0.000000E+00	0.000000E+00
5.330000E+06	9.328670E-01	2.435699E-05	0.000000E+00	0.000000E+00
5.335000E+06	9.630670E-01	2.439115E-05	0.000000E+00	0.000000E+00
5.340000E+06	9.216670E-01	2.442533E-05	0.000000E+00	0.000000E+00
5.360000E+06	1.458567E+00	2.456220E-05	0.000000E+00	0.000000E+00
5.362000E+06	1.697967E+00	2.457590E-05	0.000000E+00	0.000000E+00
5.370000E+06	1.864067E+00	2.463073E-05	0.000000E+00	0.000000E+00
5.371000E+06	1.844467E+00	2.463759E-05	0.000000E+00	0.000000E+00
5.378000E+06	1.630767E+00	2.468560E-05	0.000000E+00	0.000000E+00
5.380000E+06	1.553867E+00	2.469932E-05	0.000000E+00	0.000000E+00
5.390000E+06	1.337667E+00	2.476798E-05	0.000000E+00	0.000000E+00
5.400000E+06	1.202767E+00	2.483670E-05	0.000000E+00	0.000000E+00
5.410000E+06	1.133766E+00	2.490548E-05	0.000000E+00	0.000000E+00
5.420000E+06	1.098666E+00	2.497433E-05	0.000000E+00	0.000000E+00
5.430000E+06	1.069966E+00	2.504324E-05	0.000000E+00	0.000000E+00
5.440000E+06	1.060366E+00	2.511221E-05	0.000000E+00	0.000000E+00
5.460000E+06	1.016466E+00	2.525034E-05	0.000000E+00	0.000000E+00
5.474740E+06	1.006922E+00	2.535230E-05	0.000000E+00	0.000000E+00
5.500000E+06	9.905650E-01	2.570605E-05	0.000000E+00	0.000000E+00
5.550000E+06	9.727650E-01	2.641597E-05	0.000000E+00	0.000000E+00
5.553000E+06	9.817650E-01	2.645897E-05	0.000000E+00	0.000000E+00
5.600000E+06	9.588640E-01	2.713886E-05	0.000000E+00	0.000000E+00
5.650000E+06	9.419630E-01	2.787484E-05	0.000000E+00	0.000000E+00
5.700000E+06	9.200610E-01	2.862403E-05	0.000000E+00	0.000000E+00
5.800000E+06	9.098590E-01	3.016251E-05	0.000000E+00	0.000000E+00
5.900000E+06	8.853570E-01	3.175526E-05	0.000000E+00	0.000000E+00
6.000000E+06	8.753550E-01	3.340320E-05	0.000000E+00	0.000000E+00
6.050000E+06	8.726540E-01	3.412156E-05	0.000000E+00	0.000000E+00
6.053000E+06	8.756540E-01	3.416496E-05	0.000000E+00	0.000000E+00
6.125000E+06	8.907520E-01	3.521664E-05	0.000000E+00	0.000000E+00
6.160000E+06	9.140510E-01	3.573491E-05	0.000000E+00	0.000000E+00
6.174000E+06	9.388500E-01	3.594351E-05	0.000000E+00	0.000000E+00
6.180000E+06	9.455500E-01	3.603314E-05	0.000000E+00	0.000000E+00
6.181200E+06	9.476660E-01	3.605108E-05	0.000000E+00	0.000000E+00
6.181241E+06	9.477390E-01	3.605170E-05	0.000000E+00	0.000000E+00
6.190000E+06	9.632120E-01	3.618283E-05	0.000000E+00	0.000000E+00
6.200000E+06	9.807920E-01	3.633289E-05	0.000000E+00	0.000000E+00
6.210000E+06	1.023931E+00	3.648333E-05	0.000000E+00	0.000000E+00
6.220000E+06	1.038771E+00	3.663415E-05	0.000000E+00	0.000000E+00
6.230000E+06	1.085411E+00	3.678535E-05	0.000000E+00	0.000000E+00
6.240000E+06	1.162250E+00	3.693693E-05	0.000000E+00	0.000000E+00
6.250000E+06	1.237489E+00	3.708889E-05	0.000000E+00	0.000000E+00
6.285000E+06	2.104878E+00	3.762375E-05	0.000000E+00	0.000000E+00
6.295000E+06	2.382617E+00	3.777743E-05	0.000000E+00	0.000000E+00
6.303000E+06	2.263269E+00	3.790065E-05	0.000000E+00	0.000000E+00
6.310000E+06	2.011527E+00	3.800866E-05	0.000000E+00	0.000000E+00
6.320000E+06	1.596266E+00	3.816329E-05	0.000000E+00	0.000000E+00
6.330000E+06	1.368506E+00	3.831831E-05	0.000000E+00	0.000000E+00
6.340000E+06	1.192705E+00	3.847371E-05	0.000000E+00	0.000000E+00
6.350000E+06	1.146304E+00	3.862949E-05	0.000000E+00	0.000000E+00
6.360000E+06	1.224303E+00	3.878566E-05	0.000000E+00	0.000000E+00
6.370000E+06	1.066002E+00	3.894221E-05	0.000000E+00	0.000000E+00
6.390000E+06	8.893000E-01	3.925647E-05	0.000000E+00	0.000000E+00
6.400000E+06	8.725990E-01	3.941418E-05	0.000000E+00	0.000000E+00
6.410000E+06	8.473980E-01	3.957227E-05	0.000000E+00	0.000000E+00
6.420000E+06	8.254970E-01	3.973075E-05	0.000000E+00	0.000000E+00
6.430000E+06	8.413960E-01	3.988962E-05	0.000000E+00	0.000000E+00
6.440000E+06	8.276950E-01	4.004887E-05	0.000000E+00	0.000000E+00
6.450000E+06	8.336940E-01	4.020851E-05	0.000000E+00	0.000000E+00
6.470000E+06	8.280920E-01	4.052895E-05	0.000000E+00	0.000000E+00
6.490000E+06	8.303900E-01	4.085095E-05	0.000000E+00	0.000000E+00
6.510000E+06	8.043880E-01	4.117450E-05	0.000000E+00	0.000000E+00
6.540000E+06	7.057850E-01	4.166275E-05	0.000000E+00	0.000000E+00
6.553000E+06	6.317540E-01	4.187542E-05	0.000000E+00	0.000000E+00
6.558080E+06	6.020930E-01	4.195870E-05	0.000000E+00	0.000000E+00
6.560000E+06	5.908830E-01	4.199815E-05	0.000000E+00	0.000000E+00
6.570000E+06	5.304420E-01	4.220405E-05	0.000000E+00	0.000000E+00
6.580000E+06	5.013210E-01	4.241064E-05	0.000000E+00	0.000000E+00
6.590000E+06	5.050100E-01	4.261793E-05	0.000000E+00	0.000000E+00
6.600000E+06	5.140090E-01	4.282591E-05	0.000000E+00	0.000000E+00
6.620000E+06	5.769370E-01	4.324397E-05	0.000000E+00	0.000000E+00
6.640000E+06	5.919050E-01	4.366483E-05	0.000000E+00	0.000000E+00
6.658000E+06	7.369230E-01	4.404601E-05	0.000000E+00	0.000000E+00
6.665000E+06	6.824820E-01	4.419486E-05	0.000000E+00	0.000000E+00
6.670000E+06	6.701120E-01	4.430140E-05	0.000000E+00	0.000000E+00
6.680000E+06	6.613500E-01	4.451500E-05	0.000000E+00	0.000000E+00
6.700000E+06	6.555380E-01	4.494433E-05	0.000000E+00	0.000000E+00
6.750000E+06	6.499930E-01	4.603010E-05	0.000000E+00	0.000000E+00
6.810000E+06	6.457670E-01	4.735671E-05	0.000000E+00	0.000000E+00
6.920000E+06	6.060450E-01	4.985679E-05	0.000000E+00	0.000000E+00
7.000000E+06	5.736160E-01	5.173110E-05	0.000000E+00	0.000000E+00
7.053000E+06	5.726210E-01	5.282094E-05	0.000000E+00	0.000000E+00
7.100000E+06	5.691350E-01	5.379957E-05	0.000000E+00	0.000000E+00
7.140000E+06	5.828110E-01	5.464149E-05	0.000000E+00	0.000000E+00
7.180000E+06	6.025460E-01	5.549178E-05	0.000000E+00	0.000000E+00
7.200000E+06	6.398750E-01	5.592007E-05	0.000000E+00	0.000000E+00
7.220000E+06	6.678270E-01	5.635046E-05	0.000000E+00	0.000000E+00
7.225000E+06	6.763280E-01	5.645839E-05	0.000000E+00	0.000000E+00
7.250000E+06	7.467460E-01	5.700001E-05	0.000000E+00	0.000000E+00
7.270000E+06	8.226380E-01	5.743568E-05	0.000000E+00	0.000000E+00
7.280000E+06	8.841450E-01	5.765431E-05	0.000000E+00	0.000000E+00
7.340000E+06	1.332045E+00	5.897726E-05	0.000000E+00	0.000000E+00
7.350000E+06	1.429922E+00	5.919961E-05	0.000000E+00	0.000000E+00
7.360000E+06	1.422168E+00	5.942250E-05	0.000000E+00	0.000000E+00
7.370000E+06	1.463970E+00	5.964593E-05	0.000000E+00	0.000000E+00
7.400000E+06	1.413788E+00	6.031942E-05	0.000000E+00	0.000000E+00
7.420000E+06	1.397957E+00	6.077109E-05	0.000000E+00	0.000000E+00
7.470000E+06	1.371370E+00	6.190971E-05	0.000000E+00	0.000000E+00
7.529000E+06	1.378162E+00	6.327068E-05	0.000000E+00	0.000000E+00
7.542000E+06	1.363398E+00	6.357310E-05	0.000000E+00	0.000000E+00
7.553000E+06	1.355141E+00	6.382971E-05	0.000000E+00	0.000000E+00
7.594000E+06	1.337997E+00	6.479199E-05	0.000000E+00	0.000000E+00
7.620000E+06	1.326286E+00	6.540699E-05	0.000000E+00	0.000000E+00
7.641410E+06	1.333954E+00	6.591620E-05	0.000000E+00	0.000000E+00
7.650000E+06	1.337031E+00	6.609031E-05	0.000000E+00	0.000000E+00
7.667000E+06	1.390861E+00	6.643565E-05	0.000000E+00	0.000000E+00
7.680000E+06	1.414839E+00	6.670044E-05	0.000000E+00	0.000000E+00
7.698000E+06	1.525053E+00	6.706807E-05	0.000000E+00	0.000000E+00
7.700000E+06	1.529955E+00	6.710898E-05	0.000000E+00	0.000000E+00
7.725000E+06	1.798866E+00	6.762168E-05	0.000000E+00	0.000000E+00
7.745000E+06	1.987272E+00	6.803345E-05	0.000000E+00	0.000000E+00
7.750000E+06	1.954229E+00	6.813661E-05	0.000000E+00	0.000000E+00
7.770000E+06	1.823504E+00	6.855018E-05	0.000000E+00	0.000000E+00
7.789000E+06	1.683315E+00	6.894440E-05	0.000000E+00	0.000000E+00
7.810000E+06	1.580566E+00	6.938162E-05	0.000000E+00	0.000000E+00
7.819000E+06	1.582205E+00	6.956949E-05	0.000000E+00	0.000000E+00
7.860000E+06	1.521730E+00	7.042902E-05	0.000000E+00	0.000000E+00
7.886400E+06	1.492688E+00	7.098569E-05	0.000000E+00	0.000000E+00
7.886448E+06	1.492139E+00	7.098670E-05	0.000000E+00	0.000000E+00
7.888000E+06	1.474376E+00	7.101951E-05	0.000000E+00	0.000000E+00
7.897000E+06	1.471598E+00	7.120991E-05	0.000000E+00	0.000000E+00
7.930000E+06	1.431961E+00	7.191055E-05	0.000000E+00	0.000000E+00
7.936000E+06	1.409819E+00	7.203836E-05	0.000000E+00	0.000000E+00
8.000000E+06	1.350856E+00	7.340980E-05	0.000000E+00	0.000000E+00
8.005000E+06	1.354554E+00	7.350908E-05	0.000000E+00	0.000000E+00
8.010000E+06	1.305270E+00	7.360843E-05	0.000000E+00	0.000000E+00
8.014000E+06	1.334019E+00	7.368796E-05	0.000000E+00	0.000000E+00
8.044000E+06	1.297253E+00	7.428592E-05	0.000000E+00	0.000000E+00
8.053000E+06	1.330648E+00	7.446581E-05	0.000000E+00	0.000000E+00
8.079000E+06	1.322818E+00	7.498682E-05	0.000000E+00	0.000000E+00
8.080000E+06	1.314708E+00	7.500690E-05	0.000000E+00	0.000000E+00
8.100000E+06	1.317188E+00	7.540907E-05	0.000000E+00	0.000000E+00
8.101000E+06	1.331878E+00	7.542920E-05	0.000000E+00	0.000000E+00
8.105000E+06	1.318278E+00	7.550979E-05	0.000000E+00	0.000000E+00
8.109000E+06	1.299968E+00	7.559042E-05	0.000000E+00	0.000000E+00
8.120000E+06	1.281957E+00	7.581239E-05	0.000000E+00	0.000000E+00
8.131000E+06	1.248037E+00	7.603471E-05	0.000000E+00	0.000000E+00
8.138000E+06	1.233027E+00	7.617636E-05	0.000000E+00	0.000000E+00
8.160000E+06	1.156197E+00	7.662250E-05	0.000000E+00	0.000000E+00
8.166000E+06	1.115987E+00	7.674442E-05	0.000000E+00	0.000000E+00
8.200000E+06	9.730370E-01	7.743724E-05	0.000000E+00	0.000000E+00
8.210000E+06	9.490270E-01	7.764165E-05	0.000000E+00	0.000000E+00
8.218000E+06	9.418170E-01	7.780539E-05	0.000000E+00	0.000000E+00
8.240000E+06	9.209760E-01	7.825662E-05	0.000000E+00	0.000000E+00
8.280000E+06	8.771260E-01	7.908064E-05	0.000000E+00	0.000000E+00
8.295800E+06	8.606960E-01	7.940741E-05	0.000000E+00	0.000000E+00
8.296200E+06	8.565960E-01	7.941569E-05	0.000000E+00	0.000000E+00
8.296218E+06	8.565920E-01	7.941606E-05	0.000000E+00	0.000000E+00
8.320000E+06	8.509960E-01	7.990930E-05	0.000000E+00	0.000000E+00
8.330000E+06	8.374160E-01	8.011720E-05	0.000000E+00	0.000000E+00
8.391000E+06	8.025750E-01	8.139163E-05	0.000000E+00	0.000000E+00
8.400000E+06	7.975150E-01	8.158057E-05	0.000000E+00	0.000000E+00
8.426000E+06	8.001750E-01	8.212774E-05	0.000000E+00	0.000000E+00
8.448000E+06	7.856950E-01	8.259226E-05	0.000000E+00	0.000000E+00
8.450000E+06	7.715650E-01	8.263456E-05	0.000000E+00	0.000000E+00
8.480000E+06	7.762440E-01	8.327045E-05	0.000000E+00	0.000000E+00
8.499500E+06	7.571140E-01	8.368519E-05	0.000000E+00	0.000000E+00
8.500000E+06	7.491040E-01	8.369583E-05	0.000000E+00	0.000000E+00
8.520000E+06	7.571640E-01	8.412238E-05	0.000000E+00	0.000000E+00
8.553000E+06	7.394140E-01	8.482874E-05	0.000000E+00	0.000000E+00
8.600000E+06	7.552140E-01	8.584024E-05	0.000000E+00	0.000000E+00
8.611000E+06	7.563340E-01	8.607790E-05	0.000000E+00	0.000000E+00
8.664000E+06	7.480350E-01	8.722798E-05	0.000000E+00	0.000000E+00
8.700000E+06	7.451350E-01	8.801384E-05	0.000000E+00	0.000000E+00
8.708000E+06	7.371950E-01	8.818899E-05	0.000000E+00	0.000000E+00
8.724740E+06	7.296180E-01	8.855610E-05	0.000000E+00	0.000000E+00
8.750000E+06	7.181860E-01	8.852151E-05	0.000000E+00	0.000000E+00
8.768000E+06	7.160860E-01	8.849694E-05	0.000000E+00	0.000000E+00
8.800000E+06	7.068460E-01	8.845339E-05	0.000000E+00	0.000000E+00
8.833000E+06	6.889960E-01	8.840866E-05	0.000000E+00	0.000000E+00
8.850000E+06	6.772070E-01	8.838569E-05	0.000000E+00	0.000000E+00
8.885000E+06	6.683170E-01	8.833857E-05	0.000000E+00	0.000000E+00
8.920000E+06	6.382270E-01	8.829165E-05	0.000000E+00	0.000000E+00
8.940000E+06	6.376870E-01	8.826494E-05	0.000000E+00	0.000000E+00
8.980000E+06	6.329180E-01	8.821171E-05	0.000000E+00	0.000000E+00
9.000000E+06	6.306780E-01	8.818520E-05	0.000000E+00	0.000000E+00
9.005000E+06	6.443880E-01	8.817813E-05	0.000000E+00	0.000000E+00
9.020000E+06	6.425180E-01	8.815694E-05	0.000000E+00	0.000000E+00
9.030000E+06	6.504480E-01	8.814284E-05	0.000000E+00	0.000000E+00
9.045000E+06	6.536780E-01	8.812172E-05	0.000000E+00	0.000000E+00
9.053000E+06	6.692380E-01	8.811048E-05	0.000000E+00	0.000000E+00
9.067000E+06	6.683890E-01	8.809082E-05	0.000000E+00	0.000000E+00
9.080000E+06	6.856590E-01	8.807260E-05	0.000000E+00	0.000000E+00
9.149000E+06	7.233310E-01	8.797640E-05	0.000000E+00	0.000000E+00
9.163000E+06	7.367920E-01	8.795698E-05	0.000000E+00	0.000000E+00
9.180000E+06	7.352820E-01	8.793345E-05	0.000000E+00	0.000000E+00
9.219000E+06	7.314930E-01	8.787964E-05	0.000000E+00	0.000000E+00
9.250000E+06	7.246440E-01	8.783706E-05	0.000000E+00	0.000000E+00
9.254000E+06	7.333740E-01	8.783158E-05	0.000000E+00	0.000000E+00
9.300000E+06	7.169560E-01	8.776873E-05	0.000000E+00	0.000000E+00
9.360000E+06	6.995970E-01	8.768728E-05	0.000000E+00	0.000000E+00
9.400000E+06	6.813890E-01	8.763331E-05	0.000000E+00	0.000000E+00
9.450000E+06	6.715000E-01	8.756622E-05	0.000000E+00	0.000000E+00
9.500000E+06	6.693120E-01	8.749953E-05	0.000000E+00	0.000000E+00
9.522000E+06	6.697320E-01	8.747032E-05	0.000000E+00	0.000000E+00
9.553000E+06	6.644930E-01	8.742928E-05	0.000000E+00	0.000000E+00
9.560000E+06	6.691730E-01	8.742003E-05	0.000000E+00	0.000000E+00
9.590000E+06	6.710540E-01	8.738050E-05	0.000000E+00	0.000000E+00
9.600000E+06	6.714840E-01	8.736735E-05	0.000000E+00	0.000000E+00
9.630000E+06	6.801650E-01	8.732801E-05	0.000000E+00	0.000000E+00
9.640000E+06	6.874950E-01	8.731492E-05	0.000000E+00	0.000000E+00
9.678000E+06	6.856350E-01	8.726534E-05	0.000000E+00	0.000000E+00
9.680000E+06	6.844050E-01	8.726274E-05	0.000000E+00	0.000000E+00
9.692000E+06	6.829960E-01	8.724713E-05	0.000000E+00	0.000000E+00
9.700000E+06	6.854560E-01	8.723674E-05	0.000000E+00	0.000000E+00
9.726000E+06	6.703060E-01	8.720304E-05	0.000000E+00	0.000000E+00
9.740000E+06	6.762660E-01	8.718493E-05	0.000000E+00	0.000000E+00
9.750000E+06	6.695870E-01	8.717201E-05	0.000000E+00	0.000000E+00
9.800000E+06	6.845280E-01	8.710766E-05	0.000000E+00	0.000000E+00
9.808080E+06	6.842350E-01	8.709730E-05	0.000000E+00	0.000000E+00
9.821000E+06	6.837680E-01	8.693788E-05	0.000000E+00	0.000000E+00
9.830000E+06	6.863080E-01	8.682712E-05	0.000000E+00	0.000000E+00
9.868000E+06	6.787490E-01	8.636213E-05	0.000000E+00	0.000000E+00
9.900000E+06	6.717990E-01	8.597388E-05	0.000000E+00	0.000000E+00
9.917000E+06	6.742100E-01	8.576883E-05	0.000000E+00	0.000000E+00
9.921000E+06	6.675400E-01	8.572071E-05	0.000000E+00	0.000000E+00
1.000000E+07	6.567710E-01	8.477970E-05	0.000000E+00	0.000000E+00
1.005000E+07	6.434120E-01	8.410996E-05	0.000000E+00	0.000000E+00
1.005300E+07	6.368820E-01	8.407005E-05	0.000000E+00	0.000000E+00
1.017000E+07	6.420640E-01	8.253730E-05	0.000000E+00	0.000000E+00
1.025000E+07	6.343860E-01	8.151527E-05	0.000000E+00	0.000000E+00
1.030000E+07	6.286370E-01	8.088693E-05	0.000000E+00	0.000000E+00
1.037200E+07	6.350780E-01	7.999588E-05	0.000000E+00	0.000000E+00
1.040000E+07	6.433190E-01	7.965367E-05	0.000000E+00	0.000000E+00
1.044800E+07	6.650200E-01	7.907254E-05	0.000000E+00	0.000000E+00
1.044806E+07	6.650460E-01	7.907182E-05	0.000000E+00	0.000000E+00
1.047800E+07	6.781310E-01	7.871284E-05	0.000000E+00	0.000000E+00
1.050000E+07	6.909110E-01	7.845074E-05	0.000000E+00	0.000000E+00
1.050600E+07	6.909010E-01	7.837951E-05	0.000000E+00	0.000000E+00
1.053600E+07	7.017420E-01	7.802492E-05	0.000000E+00	0.000000E+00
1.055000E+07	6.982820E-01	7.786034E-05	0.000000E+00	0.000000E+00
1.055300E+07	7.084820E-01	7.782514E-05	0.000000E+00	0.000000E+00
1.062000E+07	7.254830E-01	7.704584E-05	0.000000E+00	0.000000E+00
1.069000E+07	7.508850E-01	7.624513E-05	0.000000E+00	0.000000E+00
1.070000E+07	7.526050E-01	7.613185E-05	0.000000E+00	0.000000E+00
1.075000E+07	7.861760E-01	7.556954E-05	0.000000E+00	0.000000E+00
1.080000E+07	8.128470E-01	7.501396E-05	0.000000E+00	0.000000E+00
1.083000E+07	8.325970E-01	7.468380E-05	0.000000E+00	0.000000E+00
1.089140E+07	8.683860E-01	7.401540E-05	0.000000E+00	0.000000E+00
1.090000E+07	8.733980E-01	7.391359E-05	0.000000E+00	0.000000E+00
1.094000E+07	8.874490E-01	7.344296E-05	0.000000E+00	0.000000E+00
1.100000E+07	8.621400E-01	7.274580E-05	0.000000E+00	0.000000E+00
1.100400E+07	8.562300E-01	7.269275E-05	0.000000E+00	0.000000E+00
1.105300E+07	8.669210E-01	7.204752E-05	0.000000E+00	0.000000E+00
1.109600E+07	8.635910E-01	7.148834E-05	0.000000E+00	0.000000E+00
1.110000E+07	8.685820E-01	7.143666E-05	0.000000E+00	0.000000E+00
1.116600E+07	8.852920E-01	7.059187E-05	0.000000E+00	0.000000E+00
1.117000E+07	8.868720E-01	7.054115E-05	0.000000E+00	0.000000E+00
1.125000E+07	8.755830E-01	6.953815E-05	0.000000E+00	0.000000E+00
1.130000E+07	8.730540E-01	6.892210E-05	0.000000E+00	0.000000E+00
1.140000E+07	8.727950E-01	6.771426E-05	0.000000E+00	0.000000E+00
1.150000E+07	8.644360E-01	6.653787E-05	0.000000E+00	0.000000E+00
1.155300E+07	8.514560E-01	6.592675E-05	0.000000E+00	0.000000E+00
1.170800E+07	8.384570E-01	6.418702E-05	0.000000E+00	0.000000E+00
1.175000E+07	8.534770E-01	6.372745E-05	0.000000E+00	0.000000E+00
1.175100E+07	8.485970E-01	6.371657E-05	0.000000E+00	0.000000E+00
1.180000E+07	8.577880E-01	6.318674E-05	0.000000E+00	0.000000E+00
1.182800E+07	8.700680E-01	6.288694E-05	0.000000E+00	0.000000E+00
1.190000E+07	9.048180E-01	6.212574E-05	0.000000E+00	0.000000E+00
1.190900E+07	9.008380E-01	6.203156E-05	0.000000E+00	0.000000E+00
1.191700E+07	9.126280E-01	6.194803E-05	0.000000E+00	0.000000E+00
1.197470E+07	9.034660E-01	6.135050E-05	0.000000E+00	0.000000E+00
1.200000E+07	8.994490E-01	6.109710E-05	0.000000E+00	0.000000E+00
1.205000E+07	9.099190E-01	6.053147E-05	0.000000E+00	0.000000E+00
1.205300E+07	9.133790E-01	6.049777E-05	0.000000E+00	0.000000E+00
1.208800E+07	9.103390E-01	6.010664E-05	0.000000E+00	0.000000E+00
1.210000E+07	9.109890E-01	5.997338E-05	0.000000E+00	0.000000E+00
1.219600E+07	8.718880E-01	5.892253E-05	0.000000E+00	0.000000E+00
1.222400E+07	8.650370E-01	5.862105E-05	0.000000E+00	0.000000E+00
1.225000E+07	8.612070E-01	5.834310E-05	0.000000E+00	0.000000E+00
1.230000E+07	8.484770E-01	5.781391E-05	0.000000E+00	0.000000E+00
1.240000E+07	8.392260E-01	5.677617E-05	0.000000E+00	0.000000E+00
1.250000E+07	8.560650E-01	5.576517E-05	0.000000E+00	0.000000E+00
1.255300E+07	8.641740E-01	5.523988E-05	0.000000E+00	0.000000E+00
1.259900E+07	8.697530E-01	5.478974E-05	0.000000E+00	0.000000E+00
1.270000E+07	8.872510E-01	5.381985E-05	0.000000E+00	0.000000E+00
1.273800E+07	8.895010E-01	5.346136E-05	0.000000E+00	0.000000E+00
1.279200E+07	9.067200E-01	5.295785E-05	0.000000E+00	0.000000E+00
1.290000E+07	9.194680E-01	5.197121E-05	0.000000E+00	0.000000E+00
1.299000E+07	9.436460E-01	5.116920E-05	0.000000E+00	0.000000E+00
1.300000E+07	9.419760E-01	5.108120E-05	0.000000E+00	0.000000E+00
1.305300E+07	9.368350E-01	5.055019E-05	0.000000E+00	0.000000E+00
1.305810E+07	9.367470E-01	5.049950E-05	0.000000E+00	0.000000E+00
1.310000E+07	9.360230E-01	5.133073E-05	0.000000E+00	0.000000E+00
1.312000E+07	9.356120E-01	5.173136E-05	0.000000E+00	0.000000E+00
1.325000E+07	9.248770E-01	5.439715E-05	0.000000E+00	0.000000E+00
1.328000E+07	9.145160E-01	5.502773E-05	0.000000E+00	0.000000E+00
1.330000E+07	9.156050E-01	5.545137E-05	0.000000E+00	0.000000E+00
1.350000E+07	9.052880E-01	5.983380E-05	0.000000E+00	0.000000E+00
1.352080E+07	9.077880E-01	6.030510E-05	0.000000E+00	0.000000E+00
1.354000E+07	9.100960E-01	6.068872E-05	0.000000E+00	0.000000E+00
1.355300E+07	9.094360E-01	6.094953E-05	0.000000E+00	0.000000E+00
1.358700E+07	9.094540E-01	6.163577E-05	0.000000E+00	0.000000E+00
1.364600E+07	8.955910E-01	6.284083E-05	0.000000E+00	0.000000E+00
1.370000E+07	8.891090E-01	6.395971E-05	0.000000E+00	0.000000E+00
1.376700E+07	8.808750E-01	6.536939E-05	0.000000E+00	0.000000E+00
1.376742E+07	8.807160E-01	6.537830E-05	0.000000E+00	0.000000E+00
1.382200E+07	8.600330E-01	6.654451E-05	0.000000E+00	0.000000E+00
1.383000E+07	8.597920E-01	6.671679E-05	0.000000E+00	0.000000E+00
1.396500E+07	8.413460E-01	6.967665E-05	0.000000E+00	0.000000E+00
1.400000E+07	8.192140E-01	7.046040E-05	0.000000E+00	0.000000E+00
1.405300E+07	8.249420E-01	7.157258E-05	0.000000E+00	0.000000E+00
1.414140E+07	8.294060E-01	7.345720E-05	0.000000E+00	0.000000E+00
1.418200E+07	8.314560E-01	7.500355E-05	0.000000E+00	0.000000E+00
1.425000E+07	8.372640E-01	7.765641E-05	0.000000E+00	0.000000E+00
1.436400E+07	8.302990E-01	8.228555E-05	0.000000E+00	0.000000E+00
1.441900E+07	8.243660E-01	8.460270E-05	0.000000E+00	0.000000E+00
1.447200E+07	8.378940E-01	8.688862E-05	0.000000E+00	0.000000E+00
1.450000E+07	8.434430E-01	8.811763E-05	0.000000E+00	0.000000E+00
1.455300E+07	8.538050E-01	9.048507E-05	0.000000E+00	0.000000E+00
1.456440E+07	8.545000E-01	9.100140E-05	0.000000E+00	0.000000E+00
1.456600E+07	8.545980E-01	9.106285E-05	0.000000E+00	0.000000E+00
1.465300E+07	8.801100E-01	9.445715E-05	0.000000E+00	0.000000E+00
1.469400E+07	8.945460E-01	9.609310E-05	0.000000E+00	0.000000E+00
1.475000E+07	8.989310E-01	9.836586E-05	0.000000E+00	0.000000E+00
1.476700E+07	8.973460E-01	9.906464E-05	0.000000E+00	0.000000E+00
1.480700E+07	9.021440E-01	1.007252E-04	0.000000E+00	0.000000E+00
1.481200E+07	9.039940E-01	1.009344E-04	0.000000E+00	0.000000E+00
1.483700E+07	9.075420E-01	1.019859E-04	0.000000E+00	0.000000E+00
1.486300E+07	9.113290E-01	1.030892E-04	0.000000E+00	0.000000E+00
1.488700E+07	9.133520E-01	1.041164E-04	0.000000E+00	0.000000E+00
1.488800E+07	9.133780E-01	1.041594E-04	0.000000E+00	0.000000E+00
1.489200E+07	9.190990E-01	1.043315E-04	0.000000E+00	0.000000E+00
1.490600E+07	9.213210E-01	1.049357E-04	0.000000E+00	0.000000E+00
1.490900E+07	9.219150E-01	1.050656E-04	0.000000E+00	0.000000E+00
1.492700E+07	9.198580E-01	1.058476E-04	0.000000E+00	0.000000E+00
1.495400E+07	9.193620E-01	1.070296E-04	0.000000E+00	0.000000E+00
1.496200E+07	9.188060E-01	1.073820E-04	0.000000E+00	0.000000E+00
1.499600E+07	9.230260E-01	1.088904E-04	0.000000E+00	0.000000E+00
1.500000E+07	9.175480E-01	1.090690E-04	0.000000E+00	0.000000E+00
1.500600E+07	9.194400E-01	1.093098E-04	0.000000E+00	0.000000E+00
1.504500E+07	9.285720E-01	1.108858E-04	0.000000E+00	0.000000E+00
1.505300E+07	9.321520E-01	1.112114E-04	0.000000E+00	0.000000E+00
1.509300E+07	9.415880E-01	1.128510E-04	0.000000E+00	0.000000E+00
1.522470E+07	9.562260E-01	1.183900E-04	0.000000E+00	0.000000E+00
1.524800E+07	9.588160E-01	1.194503E-04	0.000000E+00	0.000000E+00
1.526300E+07	9.589810E-01	1.201371E-04	0.000000E+00	0.000000E+00
1.526340E+07	9.590380E-01	1.201554E-04	0.000000E+00	0.000000E+00
1.544800E+07	9.853930E-01	1.288796E-04	0.000000E+00	0.000000E+00
1.547700E+07	9.866830E-01	1.302966E-04	0.000000E+00	0.000000E+00
1.550000E+07	9.888610E-01	1.314297E-04	0.000000E+00	0.000000E+00
1.555300E+07	9.938870E-01	1.340716E-04	0.000000E+00	0.000000E+00
1.573100E+07	1.006293E+00	1.432689E-04	0.000000E+00	0.000000E+00
1.596600E+07	1.025478E+00	1.562065E-04	0.000000E+00	0.000000E+00
1.597000E+07	1.031307E+00	1.564348E-04	0.000000E+00	0.000000E+00
1.599000E+07	1.028462E+00	1.575805E-04	0.000000E+00	0.000000E+00
1.600000E+07	1.033794E+00	1.581560E-04	0.000000E+00	0.000000E+00
1.605300E+07	1.018894E+00	1.607893E-04	0.000000E+00	0.000000E+00
1.606800E+07	1.016618E+00	1.615409E-04	0.000000E+00	0.000000E+00
1.625600E+07	9.836830E-01	1.712016E-04	0.000000E+00	0.000000E+00
1.630810E+07	9.673000E-01	1.739590E-04	0.000000E+00	0.000000E+00
1.634700E+07	9.550680E-01	1.754562E-04	0.000000E+00	0.000000E+00
1.634745E+07	9.550570E-01	1.754735E-04	0.000000E+00	0.000000E+00
1.644300E+07	9.526550E-01	1.791908E-04	0.000000E+00	0.000000E+00
1.650000E+07	9.489240E-01	1.814352E-04	0.000000E+00	0.000000E+00
1.653200E+07	9.469210E-01	1.827040E-04	0.000000E+00	0.000000E+00
1.655300E+07	9.429950E-01	1.835402E-04	0.000000E+00	0.000000E+00
1.669500E+07	9.195070E-01	1.892669E-04	0.000000E+00	0.000000E+00
1.682000E+07	9.085250E-01	1.944139E-04	0.000000E+00	0.000000E+00
1.682400E+07	9.073070E-01	1.945802E-04	0.000000E+00	0.000000E+00
1.697400E+07	8.965810E-01	2.008930E-04	0.000000E+00	0.000000E+00
1.700000E+07	8.966590E-01	2.020020E-04	0.000000E+00	0.000000E+00
1.705300E+07	8.967870E-01	2.041012E-04	0.000000E+00	0.000000E+00
1.707400E+07	8.992450E-01	2.049371E-04	0.000000E+00	0.000000E+00
1.713800E+07	8.872510E-01	2.074995E-04	0.000000E+00	0.000000E+00
1.729800E+07	8.709470E-01	2.140033E-04	0.000000E+00	0.000000E+00
1.729816E+07	8.709360E-01	2.140098E-04	0.000000E+00	0.000000E+00
1.730000E+07	8.708040E-01	2.140855E-04	0.000000E+00	0.000000E+00
1.730100E+07	8.852460E-01	2.141266E-04	0.000000E+00	0.000000E+00
1.739140E+07	8.787230E-01	2.178650E-04	0.000000E+00	0.000000E+00
1.743100E+07	8.758660E-01	2.184736E-04	0.000000E+00	0.000000E+00
1.743150E+07	8.758310E-01	2.184812E-04	0.000000E+00	0.000000E+00
1.746700E+07	8.733250E-01	2.190271E-04	0.000000E+00	0.000000E+00
1.750000E+07	8.759860E-01	2.195347E-04	0.000000E+00	0.000000E+00
1.755300E+07	8.803940E-01	2.203504E-04	0.000000E+00	0.000000E+00
1.761600E+07	8.873120E-01	2.213207E-04	0.000000E+00	0.000000E+00
1.768700E+07	8.896510E-01	2.224152E-04	0.000000E+00	0.000000E+00
1.790000E+07	9.059480E-01	2.257046E-04	0.000000E+00	0.000000E+00
1.790100E+07	9.086970E-01	2.257201E-04	0.000000E+00	0.000000E+00
1.800000E+07	9.175300E-01	2.272520E-04	0.000000E+00	0.000000E+00
1.805300E+07	9.295120E-01	2.280674E-04	0.000000E+00	0.000000E+00
1.808700E+07	9.234010E-01	2.285908E-04	0.000000E+00	0.000000E+00
1.815800E+07	9.357980E-01	2.296844E-04	0.000000E+00	0.000000E+00
1.827300E+07	9.289140E-01	2.314578E-04	0.000000E+00	0.000000E+00
1.846000E+07	9.228020E-01	2.343466E-04	0.000000E+00	0.000000E+00
1.847470E+07	9.255580E-01	2.345740E-04	0.000000E+00	0.000000E+00
1.850000E+07	9.303030E-01	2.344492E-04	0.000000E+00	0.000000E+00
1.851600E+07	9.333390E-01	2.343704E-04	0.000000E+00	0.000000E+00
1.855300E+07	9.375120E-01	2.341886E-04	0.000000E+00	0.000000E+00
1.863200E+07	9.463500E-01	2.338021E-04	0.000000E+00	0.000000E+00
1.870000E+07	9.528460E-01	2.334712E-04	0.000000E+00	0.000000E+00
1.883300E+07	9.569630E-01	2.328288E-04	0.000000E+00	0.000000E+00
1.900000E+07	9.690280E-01	2.320310E-04	0.000000E+00	0.000000E+00
1.903000E+07	9.712030E-01	2.318829E-04	0.000000E+00	0.000000E+00
1.903400E+07	9.713270E-01	2.318632E-04	0.000000E+00	0.000000E+00
1.905300E+07	9.731420E-01	2.317696E-04	0.000000E+00	0.000000E+00
1.918500E+07	9.777380E-01	2.311231E-04	0.000000E+00	0.000000E+00
1.934600E+07	9.801550E-01	2.303430E-04	0.000000E+00	0.000000E+00
1.950000E+07	9.810590E-01	2.296052E-04	0.000000E+00	0.000000E+00
1.951100E+07	9.814350E-01	2.295528E-04	0.000000E+00	0.000000E+00
1.955300E+07	9.818500E-01	2.293532E-04	0.000000E+00	0.000000E+00
1.955810E+07	9.815990E-01	2.293290E-04	0.000000E+00	0.000000E+00
1.960000E+07	9.795330E-01	2.281538E-04	0.000000E+00	0.000000E+00
1.966100E+07	9.815430E-01	2.264581E-04	0.000000E+00	0.000000E+00
1.979400E+07	9.857390E-01	2.228222E-04	0.000000E+00	0.000000E+00
1.989200E+07	9.915300E-01	2.201958E-04	0.000000E+00	0.000000E+00
1.999999E+07	9.807170E-01	2.173523E-04	0.000000E+00	0.000000E+00
2.000001E+07	1.016000E+00	2.112670E-04	0.000000E+00	0.000000E+00
2.029547E+07	1.002006E+00	2.107891E-04	0.000000E+00	0.000000E+00
2.100000E+07	9.370000E-01	2.096496E-04	0.000000E+00	0.000000E+00
2.200000E+07	9.170000E-01	2.080321E-04	0.000000E+00	0.000000E+00
2.300000E+07	9.220000E-01	2.064147E-04	0.000000E+00	0.000000E+00
2.400000E+07	9.370000E-01	2.047973E-04	0.000000E+00	0.000000E+00
2.427894E+07	9.341340E-01	2.043461E-04	0.000000E+00	0.000000E+00
2.448686E+07	9.289490E-01	2.040098E-04	0.000000E+00	0.000000E+00
2.500000E+07	9.180000E-01	2.031798E-04	0.000000E+00	0.000000E+00
2.600000E+07	9.123760E-01	2.015624E-04	0.000000E+00	0.000000E+00
2.700000E+07	9.040000E-01	1.999449E-04	0.000000E+00	0.000000E+00
2.705867E+07	9.031740E-01	1.998501E-04	0.000000E+00	0.000000E+00
2.730389E+07	8.996530E-01	1.994534E-04	0.000000E+00	0.000000E+00
2.800000E+07	8.893800E-01	1.983275E-04	0.000000E+00	0.000000E+00
2.847293E+07	8.825200E-01	1.975626E-04	0.000000E+00	0.000000E+00
2.892336E+07	8.760920E-01	1.968340E-04	0.000000E+00	0.000000E+00
2.900000E+07	8.750010E-01	1.967101E-04	0.000000E+00	0.000000E+00
3.000000E+07	8.610000E-01	1.950926E-04	0.000000E+00	0.000000E+00
3.100000E+07	8.475650E-01	1.934752E-04	0.000000E+00	0.000000E+00
3.200000E+07	8.346900E-01	1.918578E-04	0.000000E+00	0.000000E+00
3.213834E+07	8.329470E-01	1.916340E-04	0.000000E+00	0.000000E+00
3.300000E+07	8.222160E-01	1.902403E-04	0.000000E+00	0.000000E+00
3.400000E+07	8.100200E-01	1.886229E-04	0.000000E+00	0.000000E+00
3.451838E+07	8.037860E-01	1.877844E-04	0.000000E+00	0.000000E+00
3.500000E+07	7.980000E-01	1.870054E-04	0.000000E+00	0.000000E+00
3.509196E+07	7.968910E-01	1.868567E-04	0.000000E+00	0.000000E+00
3.600000E+07	7.852690E-01	1.853880E-04	0.000000E+00	0.000000E+00
3.700000E+07	7.714120E-01	1.837706E-04	0.000000E+00	0.000000E+00
3.800000E+07	7.569680E-01	1.821531E-04	0.000000E+00	0.000000E+00
3.900000E+07	7.423790E-01	1.805357E-04	0.000000E+00	0.000000E+00
4.000000E+07	7.280000E-01	1.789182E-04	0.000000E+00	0.000000E+00
4.100000E+07	7.140550E-01	1.773008E-04	0.000000E+00	0.000000E+00
4.200000E+07	7.005320E-01	1.756834E-04	0.000000E+00	0.000000E+00
4.300000E+07	6.873820E-01	1.740659E-04	0.000000E+00	0.000000E+00
4.400000E+07	6.745630E-01	1.724485E-04	0.000000E+00	0.000000E+00
4.500000E+07	6.620430E-01	1.708311E-04	0.000000E+00	0.000000E+00
4.600000E+07	6.497900E-01	1.692136E-04	0.000000E+00	0.000000E+00
4.700000E+07	6.377780E-01	1.675962E-04	0.000000E+00	0.000000E+00
4.800000E+07	6.259880E-01	1.659787E-04	0.000000E+00	0.000000E+00
4.900000E+07	6.144000E-01	1.643613E-04	0.000000E+00	0.000000E+00
5.000000E+07	6.030000E-01	1.627439E-04	0.000000E+00	0.000000E+00
5.100000E+07	5.918520E-01	1.611264E-04	0.000000E+00	0.000000E+00
5.200000E+07	5.810180E-01	1.595090E-04	0.000000E+00	0.000000E+00
5.300000E+07	5.704820E-01	1.578915E-04	0.000000E+00	0.000000E+00
5.400000E+07	5.602300E-01	1.562741E-04	0.000000E+00	0.000000E+00
5.500000E+07	5.502480E-01	1.546567E-04	0.000000E+00	0.000000E+00
5.600000E+07	5.405250E-01	1.530392E-04	0.000000E+00	0.000000E+00
5.658661E+07	5.349370E-01	1.520904E-04	0.000000E+00	0.000000E+00
5.700000E+07	5.310490E-01	1.514218E-04	0.000000E+00	0.000000E+00
5.759370E+07	5.255350E-01	1.504615E-04	0.000000E+00	0.000000E+00
5.800000E+07	5.218090E-01	1.498043E-04	0.000000E+00	0.000000E+00
5.900000E+07	5.127960E-01	1.481869E-04	0.000000E+00	0.000000E+00
6.000000E+07	5.040000E-01	1.465695E-04	0.000000E+00	0.000000E+00
6.100000E+07	4.954320E-01	1.449520E-04	0.000000E+00	0.000000E+00
6.200000E+07	4.871020E-01	1.433346E-04	0.000000E+00	0.000000E+00
6.300000E+07	4.790000E-01	1.417172E-04	0.000000E+00	0.000000E+00
6.400000E+07	4.711180E-01	1.400997E-04	0.000000E+00	0.000000E+00
6.500000E+07	4.634470E-01	1.384823E-04	0.000000E+00	0.000000E+00
6.600000E+07	4.559800E-01	1.368648E-04	0.000000E+00	0.000000E+00
6.700000E+07	4.487090E-01	1.352474E-04	0.000000E+00	0.000000E+00
6.800000E+07	4.416260E-01	1.336300E-04	0.000000E+00	0.000000E+00
6.900000E+07	4.347250E-01	1.320125E-04	0.000000E+00	0.000000E+00
7.000000E+07	4.280000E-01	1.303951E-04	0.000000E+00	0.000000E+00
7.100000E+07	4.214120E-01	1.287776E-04	0.000000E+00	0.000000E+00
7.200000E+07	4.149360E-01	1.271602E-04	0.000000E+00	0.000000E+00
7.300000E+07	4.085810E-01	1.255428E-04	0.000000E+00	0.000000E+00
7.400000E+07	4.023550E-01	1.239253E-04	0.000000E+00	0.000000E+00
7.500000E+07	3.962640E-01	1.223079E-04	0.000000E+00	0.000000E+00
7.600000E+07	3.903150E-01	1.206905E-04	0.000000E+00	0.000000E+00
7.700000E+07	3.845110E-01	1.190730E-04	0.000000E+00	0.000000E+00
7.800000E+07	3.788560E-01	1.174556E-04	0.000000E+00	0.000000E+00
7.900000E+07	3.733520E-01	1.158381E-04	0.000000E+00	0.000000E+00
8.000000E+07	3.680000E-01	1.142207E-04	0.000000E+00	0.000000E+00
8.100000E+07	3.627560E-01	1.126033E-04	0.000000E+00	0.000000E+00
8.200000E+07	3.575670E-01	1.109858E-04	0.000000E+00	0.000000E+00
8.300000E+07	3.524220E-01	1.093684E-04	0.000000E+00	0.000000E+00
8.400000E+07	3.473120E-01	1.077509E-04	0.000000E+00	0.000000E+00
8.500000E+07	3.422280E-01	1.061335E-04	0.000000E+00	0.000000E+00
8.600000E+07	3.371640E-01	1.045161E-04	0.000000E+00	0.000000E+00
8.700000E+07	3.321140E-01	1.028986E-04	0.000000E+00	0.000000E+00
8.800000E+07	3.270720E-01	1.012812E-04	0.000000E+00	0.000000E+00
8.900000E+07	3.220350E-01	9.966375E-05	0.000000E+00	0.000000E+00
9.000000E+07	3.170000E-01	9.804632E-05	0.000000E+00	0.000000E+00
9.100000E+07	3.118310E-01	9.642888E-05	0.000000E+00	0.000000E+00
9.200000E+07	3.064430E-01	9.481144E-05	0.000000E+00	0.000000E+00
9.300000E+07	3.009010E-01	9.319400E-05	0.000000E+00	0.000000E+00
9.400000E+07	2.952640E-01	9.157656E-05	0.000000E+00	0.000000E+00
9.500000E+07	2.895850E-01	8.995912E-05	0.000000E+00	0.000000E+00
9.600000E+07	2.839100E-01	8.834168E-05	0.000000E+00	0.000000E+00
9.700000E+07	2.782810E-01	8.672425E-05	0.000000E+00	0.000000E+00
9.800000E+07	2.727330E-01	8.510681E-05	0.000000E+00	0.000000E+00
9.900000E+07	2.672970E-01	8.348937E-05	0.000000E+00	0.000000E+00
1.000000E+08	2.620000E-01	8.187193E-05	0.000000E+00	0.000000E+00
1.020000E+08	2.514840E-01	7.863705E-05	0.000000E+00	0.000000E+00
1.040000E+08	2.411080E-01	7.540217E-05	0.000000E+00	0.000000E+00
1.060000E+08	2.312360E-01	7.216730E-05	0.000000E+00	0.000000E+00
1.080000E+08	2.221360E-01	6.893242E-05	0.000000E+00	0.000000E+00
1.100000E+08	2.140000E-01	6.569754E-05	0.000000E+00	0.000000E+00
1.120000E+08	2.071320E-01	6.246267E-05	0.000000E+00	0.000000E+00
1.140000E+08	2.012540E-01	5.922779E-05	0.000000E+00	0.000000E+00
1.160000E+08	1.957530E-01	5.599291E-05	0.000000E+00	0.000000E+00
1.180000E+08	1.901330E-01	5.275803E-05	0.000000E+00	0.000000E+00
1.200000E+08	1.840000E-01	4.952316E-05	0.000000E+00	0.000000E+00
1.220000E+08	1.776520E-01	4.628828E-05	0.000000E+00	0.000000E+00
1.240000E+08	1.715910E-01	4.305340E-05	0.000000E+00	0.000000E+00
1.260000E+08	1.658040E-01	3.981853E-05	0.000000E+00	0.000000E+00
1.280000E+08	1.602780E-01	3.658365E-05	0.000000E+00	0.000000E+00
1.300000E+08	1.550000E-01	3.334877E-05	0.000000E+00	0.000000E+00
1.320000E+08	1.499680E-01	3.011389E-05	0.000000E+00	0.000000E+00
1.340000E+08	1.451730E-01	2.687902E-05	0.000000E+00	0.000000E+00
1.360000E+08	1.405920E-01	2.364414E-05	0.000000E+00	0.000000E+00
1.380000E+08	1.362070E-01	2.040926E-05	0.000000E+00	0.000000E+00
1.400000E+08	1.320000E-01	1.717439E-05	0.000000E+00	0.000000E+00
1.420000E+08	1.279370E-01	1.393951E-05	0.000000E+00	0.000000E+00
1.440000E+08	1.240000E-01	1.070463E-05	0.000000E+00	0.000000E+00
1.460000E+08	1.201960E-01	7.469754E-06	0.000000E+00	0.000000E+00
1.480000E+08	1.165280E-01	4.234877E-06	0.000000E+00	0.000000E+00
1.500000E+08	1.130000E-01	1.000000E-06	0.000000E+00	0.000000E+00
